%YAML:1.0
---
Calibrate_Accuracy: 2.1178996200597017e-01
Camera_Matrix: !!opencv-matrix
   rows: 3
   cols: 3
   dt: d
   data: [ 6.2818480488666114e+02, 0., 3.3159690019466058e+02, 0.,
       6.2607067412840945e+02, 2.3052122078164106e+02, 0., 0., 1. ]
Distortion_Coefficients: !!opencv-matrix
   rows: 5
   cols: 1
   dt: d
   data: [ 4.5632039075674917e-02, 2.2035902495353695e-02,
       2.4057164796500944e-03, 1.2383325275681896e-03,
       -4.0183252596487355e-02 ]
Rotation_Vector:
   - !!opencv-matrix
      rows: 3
      cols: 1
      dt: d
      data: [ -1.6933874784228115e-01, -3.7374489427651997e-01,
          1.5499724254068055e+00 ]
   - !!opencv-matrix
      rows: 3
      cols: 1
      dt: d
      data: [ -5.5154264837382748e-02, -4.8670214656161559e-01,
          1.3875686827761144e+00 ]
   - !!opencv-matrix
      rows: 3
      cols: 1
      dt: d
      data: [ -7.0130856778662917e-02, -2.8229009735762800e-01,
          1.5826633741543055e+00 ]
   - !!opencv-matrix
      rows: 3
      cols: 1
      dt: d
      data: [ 1.9926779878345308e-01, -3.1517388838804516e-01,
          1.9289111912291497e+00 ]
   - !!opencv-matrix
      rows: 3
      cols: 1
      dt: d
      data: [ 8.0010480630273079e-02, -5.8393694425604248e-01,
          1.1249556129695730e+00 ]
   - !!opencv-matrix
      rows: 3
      cols: 1
      dt: d
      data: [ 2.2922461099682445e-01, -2.0499764981676546e-02,
          1.4482744891704142e+00 ]
   - !!opencv-matrix
      rows: 3
      cols: 1
      dt: d
      data: [ -1.9090424543632606e-01, -5.9246310520146750e-01,
          1.5212161750538822e+00 ]
   - !!opencv-matrix
      rows: 3
      cols: 1
      dt: d
      data: [ 3.8213102408119211e-02, -2.1750616444419182e-01,
          2.0367914433055252e+00 ]
   - !!opencv-matrix
      rows: 3
      cols: 1
      dt: d
      data: [ -1.0052825953326355e-01, -2.4681507961608937e-01,
          2.0309244856914530e+00 ]
   - !!opencv-matrix
      rows: 3
      cols: 1
      dt: d
      data: [ -4.2602637999549209e-01, -2.6680731304251326e-01,
          1.3032894183043744e+00 ]
   - !!opencv-matrix
      rows: 3
      cols: 1
      dt: d
      data: [ 3.5306341136886216e-01, -7.7973360141838227e-02,
          1.9289947341965448e+00 ]
   - !!opencv-matrix
      rows: 3
      cols: 1
      dt: d
      data: [ -5.6172149261585758e-01, 3.6102737759462167e-01,
          1.5387603299669803e+00 ]
   - !!opencv-matrix
      rows: 3
      cols: 1
      dt: d
      data: [ -1.6540334352697575e-01, -1.7505040811053960e-01,
          1.3576725637977698e+00 ]
   - !!opencv-matrix
      rows: 3
      cols: 1
      dt: d
      data: [ -4.9131366205483133e-02, -5.7077288107517700e-02,
          1.5322966788303218e+00 ]
   - !!opencv-matrix
      rows: 3
      cols: 1
      dt: d
      data: [ 1.7232970091795338e-01, 1.3079403088544564e-01,
          1.1818759402429393e+00 ]
   - !!opencv-matrix
      rows: 3
      cols: 1
      dt: d
      data: [ -8.5070640532585465e-02, 8.6869367367497410e-02,
          1.3415386812158501e+00 ]
   - !!opencv-matrix
      rows: 3
      cols: 1
      dt: d
      data: [ -1.2317310747852761e-01, 1.1095616115650232e-01,
          1.3162851149614601e+00 ]
   - !!opencv-matrix
      rows: 3
      cols: 1
      dt: d
      data: [ 3.1997767066400012e-01, -3.6239348079949274e-01,
          1.5464507052905063e+00 ]
   - !!opencv-matrix
      rows: 3
      cols: 1
      dt: d
      data: [ 1.0964451336627183e-01, 9.2825213071168020e-02,
          1.8003989265144122e+00 ]
   - !!opencv-matrix
      rows: 3
      cols: 1
      dt: d
      data: [ -1.8626384323182851e-02, 4.0198416935851404e-02,
          2.0116952728191908e+00 ]
   - !!opencv-matrix
      rows: 3
      cols: 1
      dt: d
      data: [ -1.6514784570537535e-02, 4.1059486891488423e-01,
          1.3369906917382193e+00 ]
   - !!opencv-matrix
      rows: 3
      cols: 1
      dt: d
      data: [ -4.8277148938314834e-01, 3.7579060039505585e-01,
          1.6356307131755601e+00 ]
   - !!opencv-matrix
      rows: 3
      cols: 1
      dt: d
      data: [ 1.9194061229426554e-01, -1.6712289759182664e-01,
          1.2342687946628861e+00 ]
   - !!opencv-matrix
      rows: 3
      cols: 1
      dt: d
      data: [ -1.5515934963341235e-01, -4.7915616770145941e-01,
          1.3544052160908056e+00 ]
   - !!opencv-matrix
      rows: 3
      cols: 1
      dt: d
      data: [ -1.7265957364449716e-01, -4.5767527111495354e-01,
          1.5603963397281408e+00 ]
   - !!opencv-matrix
      rows: 3
      cols: 1
      dt: d
      data: [ 6.1971132403904221e-02, 2.2471093609195841e-01,
          1.8733767696087542e+00 ]
   - !!opencv-matrix
      rows: 3
      cols: 1
      dt: d
      data: [ 2.3431590124025570e-01, 4.0074995047012463e-01,
          1.6110184744124847e+00 ]
   - !!opencv-matrix
      rows: 3
      cols: 1
      dt: d
      data: [ -2.8365950028167014e-01, -3.7679859405152638e-01,
          1.2010741239583462e+00 ]
   - !!opencv-matrix
      rows: 3
      cols: 1
      dt: d
      data: [ 3.0775282588758957e-01, 1.0025838150471691e-01,
          1.2960452204693469e+00 ]
   - !!opencv-matrix
      rows: 3
      cols: 1
      dt: d
      data: [ -2.8570689062976501e-01, 4.7021677015008125e-02,
          1.2817936877374057e+00 ]
   - !!opencv-matrix
      rows: 3
      cols: 1
      dt: d
      data: [ 3.5064824190420335e-01, -5.5829682493300115e-01,
          1.5653407772876218e+00 ]
   - !!opencv-matrix
      rows: 3
      cols: 1
      dt: d
      data: [ 1.2631414682581435e-01, -5.0698591440371177e-01,
          1.4918570403762761e+00 ]
   - !!opencv-matrix
      rows: 3
      cols: 1
      dt: d
      data: [ 1.1896050520052769e-01, -4.7522352321623396e-01,
          1.5504555673619966e+00 ]
   - !!opencv-matrix
      rows: 3
      cols: 1
      dt: d
      data: [ -4.8695432572786918e-01, -4.6915299369169888e-01,
          1.5035018194572178e+00 ]
   - !!opencv-matrix
      rows: 3
      cols: 1
      dt: d
      data: [ 2.6123842594067938e-02, 2.5694835004446775e-01,
          1.3889783293789868e+00 ]
   - !!opencv-matrix
      rows: 3
      cols: 1
      dt: d
      data: [ 1.1546389154618913e-01, 3.8252814356465864e-01,
          1.8146606294137748e+00 ]
   - !!opencv-matrix
      rows: 3
      cols: 1
      dt: d
      data: [ 2.3270595415994716e-01, 4.9714456671319296e-01,
          1.4473544186851943e+00 ]
   - !!opencv-matrix
      rows: 3
      cols: 1
      dt: d
      data: [ 6.1330062312002949e-02, 4.1743105618849236e-01,
          1.7910669698323698e+00 ]
   - !!opencv-matrix
      rows: 3
      cols: 1
      dt: d
      data: [ -2.1439633681626447e-01, 4.8808807894161116e-01,
          1.1205509940821088e+00 ]
   - !!opencv-matrix
      rows: 3
      cols: 1
      dt: d
      data: [ -3.6763209430150789e-01, 5.2591121860222467e-01,
          1.4049256101000989e+00 ]
   - !!opencv-matrix
      rows: 3
      cols: 1
      dt: d
      data: [ -1.6915062318519888e-01, 3.1243499069173464e-01,
          1.5050759393968030e+00 ]
   - !!opencv-matrix
      rows: 3
      cols: 1
      dt: d
      data: [ 1.7557135465644730e-01, 5.8080725039326631e-01,
          1.6687261107896751e+00 ]
   - !!opencv-matrix
      rows: 3
      cols: 1
      dt: d
      data: [ -1.9471207267342658e-01, -5.5065339484066955e-01,
          1.4085732988825637e+00 ]
   - !!opencv-matrix
      rows: 3
      cols: 1
      dt: d
      data: [ -1.5308145867338124e-02, -6.5744822640007139e-02,
          1.4238996911099917e+00 ]
   - !!opencv-matrix
      rows: 3
      cols: 1
      dt: d
      data: [ -2.0006295909397717e-01, -3.2290592281749936e-01,
          1.1288749287323951e+00 ]
   - !!opencv-matrix
      rows: 3
      cols: 1
      dt: d
      data: [ -3.7971587089967590e-01, -1.1573032328003978e-01,
          1.2641341928163976e+00 ]
   - !!opencv-matrix
      rows: 3
      cols: 1
      dt: d
      data: [ 2.6671706264661366e-01, -1.3142281367708203e-01,
          1.3430608223778349e+00 ]
   - !!opencv-matrix
