%YAML:1.0
---
Calibrate_Accuracy: 3.5933564756910014e-01
Camera_Matrix: !!opencv-matrix
   rows: 3
   cols: 3
   dt: d
   data: [ 8.3497338962086656e+02, 0., 3.2750162385098480e+02, 0.,
       8.3230642179987467e+02, 2.4974101851399848e+02, 0., 0., 1. ]
Distortion_Coefficients: !!opencv-matrix
   rows: 5
   cols: 1
   dt: d
   data: [ -3.4860062672188813e-01, 2.7047295443658770e-01,
       1.2461287088014737e-03, -6.4774097534662861e-04,
       -5.9603377617699649e-01 ]
Rotation_Vector:
   - !!opencv-matrix
      rows: 3
      cols: 1
      dt: d
      data: [ 4.2090804413901778e-01, -3.5693939746309894e-01,
          -1.5422606364209934e-01 ]
   - !!opencv-matrix
      rows: 3
      cols: 1
      dt: d
      data: [ 3.0549133337758730e-02, -6.3142806010793762e-01,
          -9.1661616787186234e-02 ]
   - !!opencv-matrix
      rows: 3
      cols: 1
      dt: d
      data: [ 1.0999962123874830e-01, 4.6940416286044007e-01,
          6.7535232326837641e-02 ]
   - !!opencv-matrix
      rows: 3
      cols: 1
      dt: d
      data: [ -7.2279378219198970e-02, 4.5784112778567715e-01,
          -4.6050987067454890e-02 ]
   - !!opencv-matrix
      rows: 3
      cols: 1
      dt: d
      data: [ 1.4343656811815908e-01, -4.9430131650711528e-01,
          -1.4971456482542642e-01 ]
   - !!opencv-matrix
      rows: 3
      cols: 1
      dt: d
      data: [ 8.5872933166270468e-03, 3.4756122273289219e-01,
          9.7150537533397863e-02 ]
   - !!opencv-matrix
      rows: 3
      cols: 1
      dt: d
      data: [ 6.1466446776352690e-01, -3.6912246793679737e-01,
          7.4331597190214302e-02 ]
   - !!opencv-matrix
      rows: 3
      cols: 1
      dt: d
      data: [ -2.0298637749148549e-01, 2.6729072746510124e-01,
          4.3001512066008017e-02 ]
   - !!opencv-matrix
      rows: 3
      cols: 1
      dt: d
      data: [ -1.3864548159624035e-01, -2.1894291001857358e-01,
          -2.6502384994633144e-01 ]
   - !!opencv-matrix
      rows: 3
      cols: 1
      dt: d
      data: [ 1.7786820697033762e-01, -4.3230758638501637e-01,
          -1.2730917219674626e-01 ]
   - !!opencv-matrix
      rows: 3
      cols: 1
      dt: d
      data: [ 4.0604157785757983e-01, -1.4358294264328972e-01,
          2.5993762246784213e-01 ]
   - !!opencv-matrix
      rows: 3
      cols: 1
      dt: d
      data: [ -2.5674304361443057e-01, -1.8449069014546504e-01,
          -2.6933418128896991e-02 ]
   - !!opencv-matrix
      rows: 3
      cols: 1
      dt: d
      data: [ 6.4841917434538043e-01, -1.5867908615582138e-01,
          4.9066251341581213e-02 ]
   - !!opencv-matrix
      rows: 3
      cols: 1
      dt: d
      data: [ 1.7578814837327059e-01, 4.5617536744395976e-01,
          6.9477330334863002e-02 ]
   - !!opencv-matrix
      rows: 3
      cols: 1
      dt: d
      data: [ 3.2904289606068997e-02, 6.6401584459746255e-01,
          8.2818000225306082e-02 ]
   - !!opencv-matrix
      rows: 3
      cols: 1
      dt: d
      data: [ 6.2407821386211493e-01, 4.5435154113144460e-01,
          2.1927105845502010e-01 ]
   - !!opencv-matrix
      rows: 3
      cols: 1
      dt: d
      data: [ 3.6686783857644634e-01, 5.4162526623978891e-01,
          2.7432472494816240e-01 ]
   - !!opencv-matrix
      rows: 3
      cols: 1
      dt: d
      data: [ 2.6396870687307933e-01, 5.9379609267933531e-01,
          3.0767853347847690e-01 ]
   - !!opencv-matrix
      rows: 3
      cols: 1
      dt: d
      data: [ -2.1262845743890760e-01, 2.6987145269273344e-01,
          -7.2066904321449977e-03 ]
   - !!opencv-matrix
      rows: 3
      cols: 1
      dt: d
      data: [ -1.7098169827983159e-01, 6.6961757227054919e-01,
          9.6403292012589417e-02 ]
   - !!opencv-matrix
      rows: 3
      cols: 1
      dt: d
      data: [ 7.3346362575893198e-01, -2.4560822274903302e-01,
          2.0683092733510858e-01 ]
   - !!opencv-matrix
      rows: 3
      cols: 1
      dt: d
      data: [ 1.7137748117883059e-01, -7.0239103409903636e-01,
          -1.2461551235843982e-01 ]
   - !!opencv-matrix
      rows: 3
      cols: 1
      dt: d
      data: [ -3.1819090476414702e-01, -2.8361251800466925e-01,
          -1.8140342283399671e-01 ]
   - !!opencv-matrix
      rows: 3
      cols: 1
      dt: d
      data: [ 4.9356805990480153e-02, 4.1910467594733014e-01,
          2.7520518509222436e-01 ]
   - !!opencv-matrix
      rows: 3
      cols: 1
      dt: d
      data: [ 8.7703717500191980e-01, -8.5179108009036691e-02,
          2.0675170502016899e-01 ]
   - !!opencv-matrix
      rows: 3
      cols: 1
      dt: d
      data: [ -4.0280439981283189e-01, 4.9934608405270020e-01,
          2.3796029566807492e-01 ]
   - !!opencv-matrix
      rows: 3
      cols: 1
      dt: d
      data: [ -3.8135401728596412e-02, -4.3655941436226287e-01,
          -7.4456877992272241e-02 ]
   - !!opencv-matrix
      rows: 3
      cols: 1
      dt: d
      data: [ -1.1242417037103736e-01, 1.1599379411346686e-01,
          -2.1439785083442003e-02 ]
   - !!opencv-matrix
      rows: 3
      cols: 1
      dt: d
      data: [ 3.7580857441716034e-02, 6.4136041445206415e-01,
          1.9877855352645479e-01 ]
   - !!opencv-matrix
      rows: 3
      cols: 1
      dt: d
      data: [ 7.8234890534024470e-01, 2.8323226382461336e-01,
          2.8380594234027046e-01 ]
   - !!opencv-matrix
      rows: 3
      cols: 1
      dt: d
      data: [ -6.0467092310598181e-01, 3.0793299865118073e-01,
          3.2402968187468001e-01 ]
   - !!opencv-matrix
      rows: 3
      cols: 1
      dt: d
      data: [ -5.5875144706072899e-01, 3.5422768652253039e-01,
          3.1626929553239580e-01 ]
   - !!opencv-matrix
      rows: 3
      cols: 1
      dt: d
      data: [ 2.6488441722133066e-01, -7.0542140034572265e-01,
          -1.1170410607914018e-01 ]
   - !!opencv-matrix
      rows: 3
      cols: 1
      dt: d
      data: [ 2.1549968165240571e-01, -6.2792679066251456e-01,
          -9.8501502928933754e-02 ]
   - !!opencv-matrix
      rows: 3
      cols: 1
      dt: d
      data: [ 2.4937957385189027e-01, 1.2634136631547596e-01,
          2.8254546220758731e-01 ]
   - !!opencv-matrix
      rows: 3
      cols: 1
      dt: d
      data: [ 6.0291737995357342e-01, -2.8488205732093924e-01,
          -3.9272264868589624e-01 ]
   - !!opencv-matrix
      rows: 3
      cols: 1
      dt: d
      data: [ 1.7452429364209149e-01, 6.4220815255477715e-01,
          9.6857638413214042e-02 ]
   - !!opencv-matrix
      rows: 3
      cols: 1
      dt: d
      data: [ 1.9901827460237351e-01, -8.5715428788432257e-01,
          -1.6590063792362109e-01 ]
   - !!opencv-matrix
      rows: 3
      cols: 1
      dt: d
      data: [ 3.1607420815234745e-02, -2.2554745299438284e-01,
          -2.1232723353157279e-01 ]
   - !!opencv-matrix
      rows: 3
      cols: 1
      dt: d
      data: [ 3.2060727922008375e-01, -6.6737055084305871e-02,
          4.0112012772757749e-01 ]
   - !!opencv-matrix
      rows: 3
      cols: 1
      dt: d
      data: [ 2.9673062775241077e-01, -8.3542059193320450e-01,
          6.4190193996160619e-02 ]
   - !!opencv-matrix
      rows: 3
      cols: 1
      dt: d
      data: [ -2.1615756325190880e-01, -7.4531753885675156e-01,
          -1.7164311085237846e-01 ]
   - !!opencv-matrix
      rows: 3
      cols: 1
      dt: d
      data: [ -7.1853481721192422e-02, 2.7904469505048168e-01,
          2.5414671084633983e-01 ]
   - !!opencv-matrix
      rows: 3
      cols: 1
      dt: d
      data: [ 2.1219470213909264e-01, -4.5607753919231038e-03,
          3.8511464058514050e-01 ]
   - !!opencv-matrix
      rows: 3
      cols: 1
      dt: d
      data: [ 2.0392277047776003e-01, -2.5655324249260664e-01,
          2.6491246602554980e-01 ]
   - !!opencv-matrix
      rows: 3
      cols: 1
      dt: d
      data: [ -2.6005930953065914e-01, -8.7358327453807805e-01,
          -3.3646287762000260e-01 ]
   - !!opencv-matrix
      rows: 3
      cols: 1
      dt: d
      data: [ -5.9686236038447957e-02, -8.7113431980932055e-01,
          -3.9805708901447262e-01 ]
