%YAML:1.0
---
Calibrate_Accuracy: 3.6830729967551701e-01
Camera_Matrix: !!opencv-matrix
   rows: 3
   cols: 3
   dt: d
   data: [ 8.3019907417192712e+02, 0., 3.3504058161547181e+02, 0.,
       8.3136106771214713e+02, 2.5476132628320605e+02, 0., 0., 1. ]
Distortion_Coefficients: !!opencv-matrix
   rows: 5
   cols: 1
   dt: d
   data: [ -3.9484620130007103e-01, 9.1862733182501966e-01,
       1.4831166496080445e-03, -3.0257625757492139e-03,
       -2.9976556540437458e+00 ]
Rotation_Vector:
   - !!opencv-matrix
      rows: 3
      cols: 1
      dt: d
      data: [ 3.7399069833618992e-01, -4.4841771905308997e-01,
          -2.2112483081684273e-01 ]
   - !!opencv-matrix
      rows: 3
      cols: 1
      dt: d
      data: [ 1.1567445833733526e-01, -7.2497296922254328e-01,
          -4.0781296115389186e-02 ]
   - !!opencv-matrix
      rows: 3
      cols: 1
      dt: d
      data: [ 1.0173745445141816e-01, 3.2437703959242392e-01,
          1.0726848746412747e-01 ]
   - !!opencv-matrix
      rows: 3
      cols: 1
      dt: d
      data: [ -4.7568518002885078e-02, 4.7118277902156858e-01,
          5.9813206640005598e-02 ]
   - !!opencv-matrix
      rows: 3
      cols: 1
      dt: d
      data: [ 2.3902382514592996e-01, -4.9909266370172034e-01,
          1.5085209986020569e-02 ]
   - !!opencv-matrix
      rows: 3
      cols: 1
      dt: d
      data: [ 3.7004662777379160e-01, -4.3227751146063031e-01,
          -1.2813257754734927e-01 ]
   - !!opencv-matrix
      rows: 3
      cols: 1
      dt: d
      data: [ 1.6178664695901313e-01, -4.0839905601136139e-01,
          -1.0841574079349026e-01 ]
   - !!opencv-matrix
      rows: 3
      cols: 1
      dt: d
      data: [ 1.8605163824230531e-01, -4.3201867562988672e-01,
          -1.2725605865587980e-01 ]
   - !!opencv-matrix
      rows: 3
      cols: 1
      dt: d
      data: [ -3.8125275261595273e-02, -1.4539601736071614e-01,
          2.1203534539398671e-02 ]
   - !!opencv-matrix
      rows: 3
      cols: 1
      dt: d
      data: [ 8.9072327086836239e-02, 6.5851721254830520e-01,
          6.7744188648570069e-02 ]
   - !!opencv-matrix
      rows: 3
      cols: 1
      dt: d
      data: [ 4.8544361126646318e-01, 4.8084957790755206e-01,
          2.5590230900525657e-01 ]
   - !!opencv-matrix
      rows: 3
      cols: 1
      dt: d
      data: [ -2.1196385523154063e-01, 3.6303488929203198e-01,
          2.8725466112479545e-02 ]
   - !!opencv-matrix
      rows: 3
      cols: 1
      dt: d
      data: [ 6.8285578229381338e-01, -5.4345854141352523e-01,
          9.9602153395250831e-02 ]
   - !!opencv-matrix
      rows: 3
      cols: 1
      dt: d
      data: [ -2.3769295983187219e-01, 4.2564125281804488e-01,
          2.0007364522785451e-01 ]
   - !!opencv-matrix
      rows: 3
      cols: 1
      dt: d
      data: [ 9.4989728158996722e-01, -1.6214869432482190e-01,
          1.7190161197842613e-01 ]
   - !!opencv-matrix
      rows: 3
      cols: 1
      dt: d
      data: [ -4.0273130353635334e-01, 4.8451281950944142e-01,
          2.3846349244909579e-01 ]
   - !!opencv-matrix
      rows: 3
      cols: 1
      dt: d
      data: [ 1.1553111349059560e-01, 5.9952667200926513e-01,
          2.3420775924017145e-01 ]
   - !!opencv-matrix
      rows: 3
      cols: 1
      dt: d
      data: [ 7.7156309201765494e-01, 1.6850070481478410e-01,
          2.2992166314548310e-01 ]
   - !!opencv-matrix
      rows: 3
      cols: 1
      dt: d
      data: [ -4.9268788186175300e-01, 3.4923675861330306e-01,
          3.0518427618845018e-01 ]
   - !!opencv-matrix
      rows: 3
      cols: 1
      dt: d
      data: [ 2.8632180125847101e-01, -6.8642641140426353e-01,
          -8.0321321446872998e-02 ]
   - !!opencv-matrix
      rows: 3
      cols: 1
      dt: d
      data: [ 6.9967470929532427e-01, -3.6559024093676690e-01,
          -3.4669092616180303e-01 ]
   - !!opencv-matrix
      rows: 3
      cols: 1
      dt: d
      data: [ 2.2663307921681644e-01, 5.6197207497799073e-01,
          2.2872932832101376e-02 ]
   - !!opencv-matrix
      rows: 3
      cols: 1
      dt: d
      data: [ 2.9551830263418039e-01, -6.1362526115817495e-01,
          -1.1857013897939801e-01 ]
   - !!opencv-matrix
      rows: 3
      cols: 1
      dt: d
      data: [ 4.7836222687559166e-01, -4.8438221734702214e-01,
          3.3379919336206770e-01 ]
   - !!opencv-matrix
      rows: 3
      cols: 1
      dt: d
      data: [ 2.4436861703558821e-01, -8.7731360266584013e-01,
          2.4997241717219402e-02 ]
   - !!opencv-matrix
      rows: 3
      cols: 1
      dt: d
      data: [ -6.9579083628255864e-02, 2.6223348300771898e-01,
          2.5466552729677111e-01 ]
   - !!opencv-matrix
      rows: 3
      cols: 1
      dt: d
      data: [ 5.2847961901914403e-02, -8.4359694184389233e-01,
          -3.8697739856990304e-01 ]
   - !!opencv-matrix
      rows: 3
      cols: 1
      dt: d
      data: [ 6.9838984779790358e-01, -4.6089880924443183e-01,
          -1.4627601491301201e-01 ]
   - !!opencv-matrix
      rows: 3
      cols: 1
      dt: d
      data: [ -4.7234519149730941e-01, -1.7649026865872391e-01,
          3.7598328904423509e-02 ]
   - !!opencv-matrix
      rows: 3
      cols: 1
      dt: d
      data: [ 3.9600898652301132e-02, 3.6796039263372693e-01,
          1.8360568557319992e-01 ]
   - !!opencv-matrix
      rows: 3
      cols: 1
      dt: d
      data: [ -9.3862001549696511e-02, -8.0234193754168170e-01,
          -3.6994179922060534e-02 ]
   - !!opencv-matrix
      rows: 3
      cols: 1
      dt: d
      data: [ 1.4924210536951856e-02, -1.1393210134222900e+00,
          1.3439402514987103e-02 ]
   - !!opencv-matrix
      rows: 3
      cols: 1
      dt: d
      data: [ -9.4414864024760792e-02, -5.8720210294588038e-01,
          -2.4658843144623549e-01 ]
   - !!opencv-matrix
      rows: 3
      cols: 1
      dt: d
      data: [ 6.8126454192927635e-02, -5.2516114329351715e-01,
          -1.5065433467654732e-01 ]
   - !!opencv-matrix
      rows: 3
      cols: 1
      dt: d
      data: [ 2.3293165003525648e-01, -6.2917021028768461e-01,
          -6.5826599958420176e-02 ]
   - !!opencv-matrix
      rows: 3
      cols: 1
      dt: d
      data: [ 2.4662146092979167e-01, -7.2183959798166941e-01,
          -2.1154216244215948e-01 ]
   - !!opencv-matrix
      rows: 3
      cols: 1
      dt: d
      data: [ 5.6647231008913113e-01, -6.1726613459713597e-01,
          1.1465537594994872e-01 ]
   - !!opencv-matrix
      rows: 3
      cols: 1
      dt: d
      data: [ 3.7755255239888397e-01, 5.5007761751459598e-02,
          1.3569336128842815e-01 ]
   - !!opencv-matrix
      rows: 3
      cols: 1
      dt: d
      data: [ 6.5169337786475523e-01, -1.1836776044624918e-01,
          2.9268841527249723e-01 ]
   - !!opencv-matrix
      rows: 3
      cols: 1
      dt: d
      data: [ 5.5525623988911921e-01, -7.3656094666854510e-01,
          -1.6585365132044344e-01 ]
