%YAML:1.0
---
Calibrate_Accuracy: 3.2918240685922429e-01
Camera_Matrix: !!opencv-matrix
   rows: 3
   cols: 3
   dt: d
   data: [ 8.4946166525902890e+02, 0., 3.3890356026760929e+02, 0.,
       8.4235580248857104e+02, 2.4647727314842425e+02, 0., 0., 1. ]
Distortion_Coefficients: !!opencv-matrix
   rows: 5
   cols: 1
   dt: d
   data: [ -3.4053439123556972e-01, -4.0058930419254146e-01,
       -5.0107372033243724e-04, -3.0653701091465095e-03,
       4.6971503416676477e+00 ]
Rotation_Vector:
   - !!opencv-matrix
      rows: 3
      cols: 1
      dt: d
      data: [ 4.2359119513460698e-02, 3.3142645966788753e-01,
          8.4302191257992334e-02 ]
   - !!opencv-matrix
      rows: 3
      cols: 1
      dt: d
      data: [ 2.9076441647137186e-02, -6.5369193032378692e-01,
          -8.9770305063955280e-02 ]
   - !!opencv-matrix
      rows: 3
      cols: 1
      dt: d
      data: [ 9.7091366887365804e-02, 3.8551763889657065e-01,
          9.8756861527306672e-02 ]
   - !!opencv-matrix
      rows: 3
      cols: 1
      dt: d
      data: [ 2.0919734752961436e-01, -5.2310635893597679e-01,
          -3.6051638936653890e-02 ]
   - !!opencv-matrix
      rows: 3
      cols: 1
      dt: d
      data: [ 3.5277858471800694e-01, 2.2477948130958406e-01,
          2.7467334524790177e-01 ]
   - !!opencv-matrix
      rows: 3
      cols: 1
      dt: d
      data: [ -1.4701859742735726e-01, -1.5781344936169736e-01,
          -3.2486798037083281e-01 ]
   - !!opencv-matrix
      rows: 3
      cols: 1
      dt: d
      data: [ 1.0715863825747841e-01, 6.5832761700910014e-01,
          6.5408685710351563e-02 ]
   - !!opencv-matrix
      rows: 3
      cols: 1
      dt: d
      data: [ 6.1419864776900079e-01, 4.4492181150880666e-01,
          2.2309153604796569e-01 ]
   - !!opencv-matrix
      rows: 3
      cols: 1
      dt: d
      data: [ -2.0853793241191146e-01, 3.9854070141957232e-01,
          3.5484074365611615e-02 ]
   - !!opencv-matrix
      rows: 3
      cols: 1
      dt: d
      data: [ 1.2105762897948277e-01, 6.0696597144952902e-01,
          2.5811877527150029e-01 ]
   - !!opencv-matrix
      rows: 3
      cols: 1
      dt: d
      data: [ 3.7545764799773196e-01, -7.3222606514453115e-01,
          -4.5700613343127673e-02 ]
   - !!opencv-matrix
      rows: 3
      cols: 1
      dt: d
      data: [ -1.4394711996274409e-02, 4.3621845767992540e-01,
          2.5626103665210886e-01 ]
   - !!opencv-matrix
      rows: 3
      cols: 1
      dt: d
      data: [ 9.3645970216953944e-01, -2.1983262670518272e-01,
          1.3557566695148970e-01 ]
   - !!opencv-matrix
      rows: 3
      cols: 1
      dt: d
      data: [ -4.4218267522774185e-01, 2.4561807420149148e-01,
          2.0288980974394727e-01 ]
   - !!opencv-matrix
      rows: 3
      cols: 1
      dt: d
      data: [ -3.7068949997464899e-02, -4.9245525438000681e-01,
          -7.3047023723675747e-02 ]
   - !!opencv-matrix
      rows: 3
      cols: 1
      dt: d
      data: [ 1.0820308103818041e-01, 6.1481055148646580e-01,
          2.3150624319869384e-01 ]
   - !!opencv-matrix
      rows: 3
      cols: 1
      dt: d
      data: [ 5.7306025621454837e-01, 1.5811416400442252e-01,
          2.1137588786137412e-01 ]
   - !!opencv-matrix
      rows: 3
      cols: 1
      dt: d
      data: [ -5.6125907686279741e-01, 3.3913941189253349e-01,
          3.1052600577709821e-01 ]
   - !!opencv-matrix
      rows: 3
      cols: 1
      dt: d
      data: [ 2.8229288379787809e-01, -5.7646936314630071e-01,
          1.6412768483216562e-02 ]
   - !!opencv-matrix
      rows: 3
      cols: 1
      dt: d
      data: [ 2.4761589912369336e-01, -7.1127848621768341e-01,
          -1.1135293536694986e-01 ]
Translation_vector:
   - !!opencv-matrix
      rows: 3
      cols: 1
      dt: d
      data: [ -1.3951006794186162e+02, -7.0999639220509209e+01,
          1.3567964317833980e+03 ]
   - !!opencv-matrix
      rows: 3
      cols: 1
      dt: d
      data: [ -2.0918829713837937e+02, 4.2294987416708132e+01,
          1.2052719375407937e+03 ]
   - !!opencv-matrix
      rows: 3
      cols: 1
      dt: d
      data: [ -1.3472816918002181e+02, -6.0366753512846580e+00,
          1.2072147001224014e+03 ]
   - !!opencv-matrix
      rows: 3
      cols: 1
      dt: d
      data: [ -1.8659412528400611e+02, -1.6558315744329008e+02,
          8.8775176724319442e+02 ]
   - !!opencv-matrix
      rows: 3
      cols: 1
      dt: d
      data: [ -1.0718606068917656e+02, -1.6783879643590353e+02,
          7.2429755708976188e+02 ]
   - !!opencv-matrix
      rows: 3
      cols: 1
      dt: d
      data: [ -1.7576944302783323e+02, -6.6572419394920161e+01,
          5.4254340886297268e+02 ]
   - !!opencv-matrix
      rows: 3
      cols: 1
      dt: d
      data: [ -7.6654090713031611e+00, -3.7784445419566687e+01,
          6.5198631533451032e+02 ]
   - !!opencv-matrix
      rows: 3
      cols: 1
      dt: d
      data: [ 7.8700415294005763e+00, -1.3339015606416550e+02,
          6.2950339335112255e+02 ]
   - !!opencv-matrix
      rows: 3
      cols: 1
      dt: d
      data: [ -9.7175949020833670e+01, -1.6916606301478757e+02,
          8.5196237802905500e+02 ]
   - !!opencv-matrix
      rows: 3
      cols: 1
      dt: d
      data: [ -9.2334595504939490e+00, -1.5818829283730568e+02,
          1.0471185029486503e+03 ]
   - !!opencv-matrix
      rows: 3
      cols: 1
      dt: d
      data: [ -1.0136952184483322e+02, -9.2699252239092218e+01,
          9.5574915466211553e+02 ]
   - !!opencv-matrix
      rows: 3
      cols: 1
      dt: d
      data: [ -6.5909233485083831e+01, -1.0813502453211159e+02,
          1.0824543057018934e+03 ]
   - !!opencv-matrix
      rows: 3
      cols: 1
      dt: d
      data: [ -1.2238059006020663e+02, 1.8063450642069213e+01,
          9.7374637374386975e+02 ]
   - !!opencv-matrix
      rows: 3
      cols: 1
      dt: d
      data: [ -1.0061472041937539e+02, 5.2589914457177471e+01,
          1.0762432065775613e+03 ]
   - !!opencv-matrix
      rows: 3
      cols: 1
      dt: d
      data: [ 2.9982016959981298e+01, 5.2576914907633338e+01,
          9.7257551980225105e+02 ]
   - !!opencv-matrix
      rows: 3
      cols: 1
      dt: d
      data: [ 1.2223459033936561e+02, 2.7011074887077310e+01,
          1.0759629634187354e+03 ]
   - !!opencv-matrix
      rows: 3
      cols: 1
      dt: d
      data: [ 9.8936160545912884e+01, -3.6283607539166475e+01,
          9.8141371600743014e+02 ]
   - !!opencv-matrix
      rows: 3
      cols: 1
      dt: d
      data: [ 9.9117222445319115e+01, -1.3082375484586467e+02,
          1.0523371663355972e+03 ]
   - !!opencv-matrix
      rows: 3
      cols: 1
      dt: d
      data: [ 2.3754048299994231e+01, -1.7494719091923255e+02,
          9.2484329238211080e+02 ]
   - !!opencv-matrix
      rows: 3
      cols: 1
      dt: d
      data: [ 1.7338277717498929e+01, -1.7656549514127539e+02,
          9.2428178204169672e+02 ]
# Rotation vector + Translation vector
