%YAML:1.0
---
Calibrate_Accuracy: 2.8018652045989823e-01
Camera_Matrix: !!opencv-matrix
   rows: 3
   cols: 3
   dt: d
   data: [ 9.0316674412163070e+02, 0., 3.9615587195306728e+02, 0.,
       9.0045220330019220e+02, 2.6526561683652739e+02, 0., 0., 1. ]
Distortion_Coefficients: !!opencv-matrix
   rows: 5
   cols: 1
   dt: d
   data: [ -3.6723336699445130e-01, -1.0834792680261024e-01,
       -8.7532582131608482e-03, -1.3890225761298709e-02,
       1.0098144620391893e+00 ]
Rotation_Vector:
   - !!opencv-matrix
      rows: 3
      cols: 1
      dt: d
      data: [ 3.8844896760295117e-01, -3.8272000392974381e-01,
          -2.3278890232673538e-01 ]
   - !!opencv-matrix
      rows: 3
      cols: 1
      dt: d
      data: [ 7.0217232013916997e-01, -4.9129588924168383e-01,
          5.0544112952272194e-02 ]
   - !!opencv-matrix
      rows: 3
      cols: 1
      dt: d
      data: [ 2.0964122214966430e-01, -6.1322209458231580e-01,
          1.7166479476373436e-02 ]
   - !!opencv-matrix
      rows: 3
      cols: 1
      dt: d
      data: [ 9.7119050904337867e-02, -5.2825489082687349e-01,
          -2.2976241419642876e-01 ]
   - !!opencv-matrix
      rows: 3
      cols: 1
      dt: d
      data: [ 4.0773032016111249e-01, -6.6751579390998106e-01,
          -4.8421382887114139e-01 ]
   - !!opencv-matrix
      rows: 3
      cols: 1
      dt: d
      data: [ 1.1150268964312958e-01, -6.0715417373315247e-02,
          -2.0074974440296842e-01 ]
   - !!opencv-matrix
      rows: 3
      cols: 1
      dt: d
      data: [ 2.0226764442850773e-01, -5.1035775084890722e-01,
          -5.9579558019676399e-03 ]
   - !!opencv-matrix
      rows: 3
      cols: 1
      dt: d
      data: [ 1.3267825062624763e-01, -4.6908835158961659e-01,
          -2.3372391793987593e-01 ]
   - !!opencv-matrix
      rows: 3
      cols: 1
      dt: d
      data: [ 6.2107987178981949e-01, -1.0668273820454782e-01,
          5.5452813527615796e-01 ]
   - !!opencv-matrix
      rows: 3
      cols: 1
      dt: d
      data: [ -2.2344496612323544e-01, -5.7260229801801366e-01,
          -3.1726782752393073e-01 ]
   - !!opencv-matrix
      rows: 3
      cols: 1
      dt: d
      data: [ 2.0857803991063953e-01, -6.0750902400408857e-01,
          -2.0415238739935371e-01 ]
   - !!opencv-matrix
      rows: 3
      cols: 1
      dt: d
      data: [ 1.7762526424950356e-01, -5.0352601057811815e-02,
          9.5157250019384979e-02 ]
   - !!opencv-matrix
      rows: 3
      cols: 1
      dt: d
      data: [ 3.2587343332190788e-01, -5.8880064368357088e-01,
          -1.5567440285055881e-01 ]
   - !!opencv-matrix
      rows: 3
      cols: 1
      dt: d
      data: [ 5.7205785820335064e-01, -9.7059297706454148e-02,
          3.4838585892954338e-01 ]
   - !!opencv-matrix
      rows: 3
      cols: 1
      dt: d
      data: [ 6.7332363788864069e-01, -3.0982884259078031e-01,
          2.6708030827844065e-01 ]
   - !!opencv-matrix
      rows: 3
      cols: 1
      dt: d
      data: [ 2.8652173306401574e-01, 2.7805547407780736e-02,
          3.8666356058536849e-01 ]
   - !!opencv-matrix
      rows: 3
      cols: 1
      dt: d
      data: [ 4.1941795159417899e-01, -6.2084585181092178e-01,
          5.3202862043507125e-02 ]
   - !!opencv-matrix
      rows: 3
      cols: 1
      dt: d
      data: [ 1.6056139433787028e-01, -7.3454853139335208e-01,
          -4.4351850159147815e-01 ]
   - !!opencv-matrix
      rows: 3
      cols: 1
      dt: d
      data: [ -3.2073082001087450e-01, -5.8773270517638768e-02,
          -3.1257986595767888e-02 ]
   - !!opencv-matrix
      rows: 3
      cols: 1
      dt: d
      data: [ 3.7002986326385279e-01, -3.5673037287045456e-01,
          1.0420113104036901e-02 ]
   - !!opencv-matrix
      rows: 3
      cols: 1
      dt: d
      data: [ 2.0893594163649157e-01, 2.6579976590488913e-01,
          4.1903053728126527e-01 ]
   - !!opencv-matrix
      rows: 3
      cols: 1
      dt: d
      data: [ 8.1076445659604784e-02, -7.0113144693329366e-01,
          6.9584811340344332e-02 ]
   - !!opencv-matrix
      rows: 3
      cols: 1
      dt: d
      data: [ 4.3007253315196664e-01, -3.3965003398901156e-01,
          2.8106095664968889e-01 ]
Translation_vector:
   - !!opencv-matrix
      rows: 3
      cols: 1
      dt: d
      data: [ -1.8618439298638773e+02, -2.1210554081270661e+02,
          1.2798161799144223e+03 ]
   - !!opencv-matrix
      rows: 3
      cols: 1
      dt: d
      data: [ -1.7305693276693668e+02, -2.6134603940409500e+02,
          1.2390235786692451e+03 ]
   - !!opencv-matrix
      rows: 3
      cols: 1
      dt: d
      data: [ -1.6581679898499780e+02, -4.3226918102241314e+01,
          1.2249752669128002e+03 ]
   - !!opencv-matrix
      rows: 3
      cols: 1
      dt: d
      data: [ -1.7347023999909624e+02, 6.9541680907464013e+01,
          1.2419992659910713e+03 ]
   - !!opencv-matrix
      rows: 3
      cols: 1
      dt: d
      data: [ -1.4434988387512706e+02, 8.9967141326548798e+01,
          1.2617330846117386e+03 ]
   - !!opencv-matrix
      rows: 3
      cols: 1
      dt: d
      data: [ -3.6307868885170500e+01, -1.2372877341430952e+02,
          1.2987817827360202e+03 ]
   - !!opencv-matrix
      rows: 3
      cols: 1
      dt: d
      data: [ 1.1774721344134920e+02, -1.9553036507600754e+02,
          1.2259774450171590e+03 ]
   - !!opencv-matrix
      rows: 3
      cols: 1
      dt: d
      data: [ 1.1812167995288480e+02, -2.0257279474230032e+02,
          1.2214112480518440e+03 ]
   - !!opencv-matrix
      rows: 3
      cols: 1
      dt: d
      data: [ 8.3952142988258089e+01, -2.9597418210506781e+01,
          1.2167634736224820e+03 ]
   - !!opencv-matrix
      rows: 3
      cols: 1
      dt: d
      data: [ -2.6139288755382535e+02, -9.1543488545120198e+01,
          1.2097801442558348e+03 ]
   - !!opencv-matrix
      rows: 3
      cols: 1
      dt: d
      data: [ -2.7246938207054086e+02, 1.0632242376264020e+02,
          1.2206832411085309e+03 ]
   - !!opencv-matrix
      rows: 3
      cols: 1
      dt: d
      data: [ -1.9499074591264571e+02, 1.1189728888753440e+02,
          1.3157991106792972e+03 ]
   - !!opencv-matrix
      rows: 3
      cols: 1
      dt: d
      data: [ -4.2701447683825950e+02, -5.8631770453776618e+01,
          1.2212544483391753e+03 ]
   - !!opencv-matrix
      rows: 3
      cols: 1
      dt: d
      data: [ -4.2013799302743337e+02, -2.5280665882503448e+02,
          1.2605189467540176e+03 ]
   - !!opencv-matrix
      rows: 3
      cols: 1
      dt: d
      data: [ -3.7138346544207684e+02, -3.1193709958379134e+02,
          1.2591603810501251e+03 ]
   - !!opencv-matrix
      rows: 3
      cols: 1
      dt: d
      data: [ -4.7509596937312892e+02, -9.7400907143148416e+01,
          1.3310139519626407e+03 ]
   - !!opencv-matrix
      rows: 3
      cols: 1
      dt: d
      data: [ -4.5696714545517835e+02, -2.3066952048172436e+02,
          1.2366974576383579e+03 ]
   - !!opencv-matrix
      rows: 3
      cols: 1
      dt: d
      data: [ -3.9879280921031892e+02, -2.1025219503508916e+02,
          1.2331617096727884e+03 ]
   - !!opencv-matrix
      rows: 3
      cols: 1
      dt: d
      data: [ -1.8238299628610710e+02, -1.2253595759757220e+01,
          9.5870285552785617e+02 ]
   - !!opencv-matrix
      rows: 3
      cols: 1
      dt: d
      data: [ -2.1348296499143603e+02, -4.8051202631532654e+01,
          8.8021863072046665e+02 ]
   - !!opencv-matrix
      rows: 3
      cols: 1
      dt: d
      data: [ 3.7697572240189054e+01, -4.3625840500351146e+01,
          9.3643669192300536e+02 ]
   - !!opencv-matrix
      rows: 3
      cols: 1
      dt: d
      data: [ -6.1940104904607011e+01, -1.7163188878209478e+01,
          8.5553263688502466e+02 ]
   - !!opencv-matrix
      rows: 3
      cols: 1
      dt: d
      data: [ -3.1702341921093483e+02, -4.2028271829414948e+01,
          9.6110138939134708e+02 ]
# Rotation vector + Translation vector
