%YAML:1.0
---
Calibrate_Accuracy: 2.6186981159157535e-01
Camera_Matrix: !!opencv-matrix
   rows: 3
   cols: 3
   dt: d
   data: [ 8.7182635810519730e+02, 0., 3.4655156341744765e+02, 0.,
       8.5653895469790314e+02, 2.7816746350927974e+02, 0., 0., 1. ]
Distortion_Coefficients: !!opencv-matrix
   rows: 5
   cols: 1
   dt: d
   data: [ -3.1755588819562547e-01, -2.5076188587159087e-01,
       -1.6107066052414815e-02, -1.4567695484624735e-02,
       1.7628591018978941e+00 ]
Rotation_Vector:
   - !!opencv-matrix
      rows: 3
      cols: 1
      dt: d
      data: [ -2.8995314036286912e-01, -2.6494438210552873e-01,
          -3.1947700369038973e-01 ]
   - !!opencv-matrix
      rows: 3
      cols: 1
      dt: d
      data: [ 1.8266767503656742e-01, -3.7491427256590804e-01,
          -3.8263773192222411e-01 ]
   - !!opencv-matrix
      rows: 3
      cols: 1
      dt: d
      data: [ 4.7642713493205979e-01, -1.7652769603124577e-01,
          3.5046215285213961e-01 ]
   - !!opencv-matrix
      rows: 3
      cols: 1
      dt: d
      data: [ 1.6881385655266917e-01, -3.5661721852309264e-01,
          -3.1897382900231869e-01 ]
   - !!opencv-matrix
      rows: 3
      cols: 1
      dt: d
      data: [ 1.1657613432152300e-01, -3.0483818671828328e-01,
          -3.1994818157551480e-01 ]
   - !!opencv-matrix
      rows: 3
      cols: 1
      dt: d
      data: [ 3.3400419047179036e-01, -4.2185038059503677e-01,
          -2.5753897041208718e-01 ]
   - !!opencv-matrix
      rows: 3
      cols: 1
      dt: d
      data: [ 3.7098033878010550e-01, -2.9919966730210790e-01,
          3.5187417133019289e-01 ]
   - !!opencv-matrix
      rows: 3
      cols: 1
      dt: d
      data: [ 2.4621256124217908e-01, -2.0540266321145324e-02,
          2.9812353983014567e-01 ]
   - !!opencv-matrix
      rows: 3
      cols: 1
      dt: d
      data: [ 2.6065366093770242e-01, -6.4511153804141841e-01,
          -1.8683584465904793e-01 ]
   - !!opencv-matrix
      rows: 3
      cols: 1
      dt: d
      data: [ 5.5666016679818464e-01, -5.3693642269616711e-02,
          3.3582890330474235e-01 ]
   - !!opencv-matrix
      rows: 3
      cols: 1
      dt: d
      data: [ 1.5265658489203554e-01, 8.1382205086634546e-02,
          1.2480570210815606e-01 ]
   - !!opencv-matrix
      rows: 3
      cols: 1
      dt: d
      data: [ -1.3293504203314091e-01, -3.8507957546598540e-02,
          -6.1153664456483781e-01 ]
   - !!opencv-matrix
      rows: 3
      cols: 1
      dt: d
      data: [ 3.8101024660506438e-01, -7.3645159509790215e-01,
          -1.5421071707527900e-01 ]
   - !!opencv-matrix
      rows: 3
      cols: 1
      dt: d
      data: [ 9.2181128465628037e-02, -1.1722830553244992e-01,
          -2.7811011172156442e-02 ]
   - !!opencv-matrix
      rows: 3
      cols: 1
      dt: d
      data: [ 3.5156385883120106e-01, -1.9015021977051050e-01,
          4.5661295207825520e-01 ]
   - !!opencv-matrix
      rows: 3
      cols: 1
      dt: d
      data: [ -1.3627282834115770e-01, 7.6951238709856964e-04,
          -8.3918644940408682e-02 ]
   - !!opencv-matrix
      rows: 3
      cols: 1
      dt: d
      data: [ 1.4424075228365310e-01, -8.2562169726669590e-02,
          7.2997055840527736e-02 ]
   - !!opencv-matrix
      rows: 3
      cols: 1
      dt: d
      data: [ 4.0258536477223467e-01, -2.9932775019727231e-01,
          1.8143617362753875e-01 ]
   - !!opencv-matrix
      rows: 3
      cols: 1
      dt: d
      data: [ 1.3078813268462125e-01, 8.4991292632264681e-02,
          -1.4611475928076897e-01 ]
   - !!opencv-matrix
      rows: 3
      cols: 1
      dt: d
      data: [ -9.8927626789254791e-02, -1.4417636642381659e-01,
          2.5538462478419027e-01 ]
Translation_vector:
   - !!opencv-matrix
      rows: 3
      cols: 1
      dt: d
      data: [ -1.0516154319593257e+02, -1.8885047877711802e+01,
          1.2320397679435071e+03 ]
   - !!opencv-matrix
      rows: 3
      cols: 1
      dt: d
      data: [ 1.9122459386056836e-01, -1.0585132330790317e+02,
          1.1752953686792707e+03 ]
   - !!opencv-matrix
      rows: 3
      cols: 1
      dt: d
      data: [ 1.9886553446823856e+02, -2.8519863347720587e+02,
          1.1803732196704200e+03 ]
   - !!opencv-matrix
      rows: 3
      cols: 1
      dt: d
      data: [ 1.7013172788357519e+02, -4.8793804300112228e+01,
          1.1577953939764254e+03 ]
   - !!opencv-matrix
      rows: 3
      cols: 1
      dt: d
      data: [ 1.3581989171742492e+02, 4.9102345879307329e+01,
          1.2147578997296414e+03 ]
   - !!opencv-matrix
      rows: 3
      cols: 1
      dt: d
      data: [ -1.2609565916237598e+02, -2.4273034176469781e+02,
          1.1796760906769507e+03 ]
   - !!opencv-matrix
      rows: 3
      cols: 1
      dt: d
      data: [ -1.7110243717487330e+02, -8.4721063961675725e+01,
          1.1992818255686773e+03 ]
   - !!opencv-matrix
      rows: 3
      cols: 1
      dt: d
      data: [ -1.5284212887565977e+02, 1.4368984148226513e+01,
          1.2517526608922112e+03 ]
   - !!opencv-matrix
      rows: 3
      cols: 1
      dt: d
      data: [ -3.6348138128246529e+02, -9.3323666550147820e+01,
          1.1828143587956754e+03 ]
   - !!opencv-matrix
      rows: 3
      cols: 1
      dt: d
      data: [ -3.5201003375231221e+02, -2.7776311244534241e+02,
          1.2495974018211716e+03 ]
   - !!opencv-matrix
      rows: 3
      cols: 1
      dt: d
      data: [ -2.9788828006715494e+02, 7.1855755324957187e+01,
          1.3090396501956704e+03 ]
   - !!opencv-matrix
      rows: 3
      cols: 1
      dt: d
      data: [ -4.7818401239528902e+02, 8.5535254433762631e+01,
          1.2992019067243402e+03 ]
   - !!opencv-matrix
      rows: 3
      cols: 1
      dt: d
      data: [ -2.9134290365144278e+02, -2.6151291116729215e+02,
          1.1656799472270739e+03 ]
   - !!opencv-matrix
      rows: 3
      cols: 1
      dt: d
      data: [ -4.6705273226269287e+02, -3.7810847940790615e+02,
          1.3369778679808526e+03 ]
   - !!opencv-matrix
      rows: 3
      cols: 1
      dt: d
      data: [ -1.8140007271993454e+02, -1.6419124193284006e+02,
          8.8356677062846313e+02 ]
   - !!opencv-matrix
      rows: 3
      cols: 1
      dt: d
      data: [ -1.5499203574641521e+02, 4.1009479018250502e+01,
          9.3541395136314929e+02 ]
   - !!opencv-matrix
      rows: 3
      cols: 1
      dt: d
      data: [ 1.2450181849203214e+02, -2.8844524218530196e+01,
          8.8368316477280155e+02 ]
   - !!opencv-matrix
      rows: 3
      cols: 1
      dt: d
      data: [ 4.9354289794870354e+01, -2.3170303118102970e+02,
          8.3863315402281034e+02 ]
   - !!opencv-matrix
      rows: 3
      cols: 1
      dt: d
      data: [ 2.1215350211822258e+01, 5.8356994876421133e+01,
          9.0770702722440797e+02 ]
   - !!opencv-matrix
      rows: 3
      cols: 1
      dt: d
      data: [ 6.3145265847922971e+00, -1.2911861147602031e+02,
          8.9216317935861014e+02 ]
# Rotation vector + Translation vector
