%YAML:1.0
---
Calibrate_Accuracy: 2.3882420009495814e-01
Camera_Matrix: !!opencv-matrix
   rows: 3
   cols: 3
   dt: d
   data: [ 8.3778733354055623e+02, 0., 3.6338806686000157e+02, 0.,
       8.3067078449867540e+02, 3.0334873754222184e+02, 0., 0., 1. ]
Distortion_Coefficients: !!opencv-matrix
   rows: 5
   cols: 1
   dt: d
   data: [ -3.3595636022761294e-01, 3.3065651803033974e-02,
       2.5866261055104379e-03, -3.9723003891556415e-03,
       6.6131511272722887e-01 ]
Rotation_Vector:
   - !!opencv-matrix
      rows: 3
      cols: 1
      dt: d
      data: [ 4.6330398155963640e-02, -1.6161512704635320e-01,
          1.6333881682417617e+00 ]
   - !!opencv-matrix
      rows: 3
      cols: 1
      dt: d
      data: [ 4.2250528438629686e-01, -6.9282601251282916e-01,
          1.5659474911585156e+00 ]
   - !!opencv-matrix
      rows: 3
      cols: 1
      dt: d
      data: [ 1.5720015831180689e-01, 2.8431660921737228e-01,
          1.5096293985683757e+00 ]
   - !!opencv-matrix
      rows: 3
      cols: 1
      dt: d
      data: [ 3.1291302902265000e-01, -7.6541385279940377e-01,
          1.5994036069649409e+00 ]
   - !!opencv-matrix
      rows: 3
      cols: 1
      dt: d
      data: [ 6.5113044114408736e-01, -9.5703282006573631e-01,
          1.6636181507534262e+00 ]
   - !!opencv-matrix
      rows: 3
      cols: 1
      dt: d
      data: [ -6.5110614555513180e-01, 6.2576052287850362e-02,
          1.3374928923000058e+00 ]
   - !!opencv-matrix
      rows: 3
      cols: 1
      dt: d
      data: [ -3.1493349358329620e-01, -2.4889985777922449e-01,
          1.6821555554073995e+00 ]
   - !!opencv-matrix
      rows: 3
      cols: 1
      dt: d
      data: [ -5.0960868838666529e-01, -5.4630927959884712e-01,
          1.3353071801058629e+00 ]
   - !!opencv-matrix
      rows: 3
      cols: 1
      dt: d
      data: [ -2.5183070926171508e-01, -7.2419074046737186e-01,
          1.3727758791237232e+00 ]
   - !!opencv-matrix
      rows: 3
      cols: 1
      dt: d
      data: [ -7.4771077492204500e-04, -8.2010057251394242e-01,
          1.5218185071496848e+00 ]
   - !!opencv-matrix
      rows: 3
      cols: 1
      dt: d
      data: [ -1.1123611100433557e-01, -8.5557485505436837e-01,
          1.4255898225023615e+00 ]
   - !!opencv-matrix
      rows: 3
      cols: 1
      dt: d
      data: [ -3.5706870526827245e-01, 3.2982935245089512e-01,
          1.7708120597728005e+00 ]
   - !!opencv-matrix
      rows: 3
      cols: 1
      dt: d
      data: [ 1.2887010338802679e-01, -7.2333124328756793e-01,
          1.2573276918912981e+00 ]
   - !!opencv-matrix
      rows: 3
      cols: 1
      dt: d
      data: [ -4.8483799678292855e-01, -5.9078851622255013e-01,
          1.6398678133269835e+00 ]
   - !!opencv-matrix
      rows: 3
      cols: 1
      dt: d
      data: [ -5.5359488831757842e-01, -4.8589105725763737e-01,
          1.7454042335924886e+00 ]
   - !!opencv-matrix
      rows: 3
      cols: 1
      dt: d
      data: [ -3.0962268067895915e-01, 1.9770304144478401e-01,
          1.8060835686338776e+00 ]
   - !!opencv-matrix
      rows: 3
      cols: 1
      dt: d
      data: [ 1.1031983606040145e-01, -1.5678537504327628e-01,
          1.3486575187716177e+00 ]
   - !!opencv-matrix
      rows: 3
      cols: 1
      dt: d
      data: [ 3.2686128114581531e-01, -5.4946485288946390e-01,
          1.6034560664789304e+00 ]
   - !!opencv-matrix
      rows: 3
      cols: 1
      dt: d
      data: [ 3.3067986460484568e-02, 3.1590547538507058e-01,
          1.2096364274149942e+00 ]
   - !!opencv-matrix
      rows: 3
      cols: 1
      dt: d
      data: [ -6.0384299498773775e-02, -5.6502396029182633e-01,
          1.3764671097330672e+00 ]
   - !!opencv-matrix
      rows: 3
      cols: 1
      dt: d
      data: [ -3.0868974979677516e-01, -6.7172954099408311e-01,
          1.2033569533495203e+00 ]
   - !!opencv-matrix
      rows: 3
      cols: 1
      dt: d
      data: [ 6.1989224638788598e-01, 2.4714665601929769e-01,
          1.1723339024723223e+00 ]
   - !!opencv-matrix
      rows: 3
      cols: 1
      dt: d
      data: [ 2.2619755737699043e-01, -6.0402845944872563e-01,
          2.0148632007085761e+00 ]
   - !!opencv-matrix
      rows: 3
      cols: 1
      dt: d
      data: [ -5.9547985252545024e-02, -2.3627462675296074e-02,
          1.2775636764447984e+00 ]
   - !!opencv-matrix
      rows: 3
      cols: 1
      dt: d
      data: [ -9.6583729371061008e-02, -5.3092683215661740e-01,
          1.3886623749281450e+00 ]
   - !!opencv-matrix
      rows: 3
      cols: 1
      dt: d
      data: [ 2.9635428211427850e-01, -1.1358672539047791e-01,
          1.7062948134236295e+00 ]
   - !!opencv-matrix
      rows: 3
      cols: 1
      dt: d
      data: [ 5.6961637656701855e-02, -1.5375090425421464e-01,
          1.8039269789410795e+00 ]
   - !!opencv-matrix
      rows: 3
      cols: 1
      dt: d
      data: [ -8.0275710237628761e-03, -7.9136480607608872e-01,
          1.6123133490646664e+00 ]
   - !!opencv-matrix
      rows: 3
      cols: 1
      dt: d
      data: [ 4.9368426284523023e-02, -7.9362943351419157e-01,
          1.4918093823944132e+00 ]
   - !!opencv-matrix
      rows: 3
      cols: 1
      dt: d
      data: [ -1.8625542483946406e-01, -5.8714207328984058e-01,
          1.2253921038897462e+00 ]
   - !!opencv-matrix
      rows: 3
      cols: 1
      dt: d
      data: [ -1.8119236187076290e-01, -2.4787759722851793e-01,
          1.4824363605239490e+00 ]
   - !!opencv-matrix
      rows: 3
      cols: 1
      dt: d
      data: [ -5.4596384985917533e-02, -7.9600869403942376e-01,
          1.3794871318693553e+00 ]
   - !!opencv-matrix
      rows: 3
      cols: 1
      dt: d
      data: [ -1.1022801378436990e-01, -1.1499034204043040e-01,
          1.6854412194170918e+00 ]
   - !!opencv-matrix
      rows: 3
      cols: 1
      dt: d
      data: [ 3.9270660079618616e-02, -6.0871467457521700e-01,
          1.1318570561603933e+00 ]
   - !!opencv-matrix
      rows: 3
      cols: 1
      dt: d
      data: [ -8.6968826228523463e-02, -1.9147888984344896e-01,
          1.1547306723562685e+00 ]
   - !!opencv-matrix
      rows: 3
      cols: 1
      dt: d
      data: [ 3.6358941558593663e-02, -8.1552348290938648e-01,
          1.5494654518300628e+00 ]
   - !!opencv-matrix
      rows: 3
      cols: 1
      dt: d
      data: [ 2.9584804911597186e-02, -6.1334613706611529e-01,
          1.8556731670226332e+00 ]
   - !!opencv-matrix
      rows: 3
      cols: 1
      dt: d
      data: [ -6.5512086126159497e-02, -5.1037351882391968e-01,
          1.6115717472613516e+00 ]
   - !!opencv-matrix
      rows: 3
      cols: 1
      dt: d
      data: [ 3.2505732924210196e-01, -6.6313285244505471e-01,
          1.6790758959649610e+00 ]
   - !!opencv-matrix
      rows: 3
      cols: 1
      dt: d
      data: [ 3.5832702006823131e-01, -4.4292314568695307e-01,
          1.6521544001556203e+00 ]
