%YAML:1.0
---
Calibrate_Accuracy: 2.6371038160818477e-01
Camera_Matrix: !!opencv-matrix
   rows: 3
   cols: 3
   dt: d
   data: [ 8.4484237693856210e+02, 0., 3.1020228923993500e+02, 0.,
       8.4651177920630425e+02, 2.4172898115821894e+02, 0., 0., 1. ]
Distortion_Coefficients: !!opencv-matrix
   rows: 5
   cols: 1
   dt: d
   data: [ -3.6970762883430630e-01, 6.9280590663783703e-01,
       1.5876687505734285e-03, 4.8076219662787287e-04,
       -2.3786798360623522e+00 ]
Rotation_Vector:
   - !!opencv-matrix
      rows: 3
      cols: 1
      dt: d
      data: [ 2.1264614954931102e-01, -3.9537843322642451e-02,
          -2.5835859097726465e-02 ]
   - !!opencv-matrix
      rows: 3
      cols: 1
      dt: d
      data: [ 1.6352992714853479e-01, 1.0093357018020740e-01,
          6.9463983367227006e-02 ]
   - !!opencv-matrix
      rows: 3
      cols: 1
      dt: d
      data: [ 4.6832016684799327e-01, -9.7882774952057668e-03,
          8.4483274849745296e-03 ]
   - !!opencv-matrix
      rows: 3
      cols: 1
      dt: d
      data: [ 2.3955880998454901e-01, 7.9243225168136033e-02,
          1.8749678024231545e-01 ]
   - !!opencv-matrix
      rows: 3
      cols: 1
      dt: d
      data: [ 2.7041699100929517e-01, 1.1910711059444630e-01,
          2.8029402835349221e-01 ]
   - !!opencv-matrix
      rows: 3
      cols: 1
      dt: d
      data: [ 7.3372797032528553e-02, 2.1766609006208326e-01,
          5.0285649277626313e-02 ]
   - !!opencv-matrix
      rows: 3
      cols: 1
      dt: d
      data: [ 2.0587765222826779e-01, 5.5030282930070673e-02,
          -2.4333487683356015e-02 ]
   - !!opencv-matrix
      rows: 3
      cols: 1
      dt: d
      data: [ 2.3773995018797958e-01, -1.0793506031273274e-01,
          -1.6472989961628495e-01 ]
   - !!opencv-matrix
      rows: 3
      cols: 1
      dt: d
      data: [ 2.1126135446702884e-01, -3.4245277966581628e-01,
          1.0336753277064285e-01 ]
   - !!opencv-matrix
      rows: 3
      cols: 1
      dt: d
      data: [ 1.9725150923002066e-01, -5.8881016964604058e-02,
          2.1057414032006783e-01 ]
   - !!opencv-matrix
      rows: 3
      cols: 1
      dt: d
      data: [ 8.5616439577289802e-02, 1.0902151103474078e-01,
          -1.0905820949568309e-01 ]
   - !!opencv-matrix
      rows: 3
      cols: 1
      dt: d
      data: [ 3.1384755759153116e-01, -5.5544995680049614e-02,
          2.0711098201159567e-01 ]
   - !!opencv-matrix
      rows: 3
      cols: 1
      dt: d
      data: [ 2.1459235614294173e-01, 1.2045015720575890e-01,
          2.0044218935766159e-01 ]
   - !!opencv-matrix
      rows: 3
      cols: 1
      dt: d
      data: [ 1.1438206910816272e-01, -3.3054317461011856e-01,
          -3.3110324755534659e-02 ]
   - !!opencv-matrix
      rows: 3
      cols: 1
      dt: d
      data: [ 2.7034458376711767e-01, 5.5138241231544288e-02,
          -3.1529049075101824e-02 ]
   - !!opencv-matrix
      rows: 3
      cols: 1
      dt: d
      data: [ 4.1170174072829024e-01, -6.9659722867771293e-02,
          -2.4353923304997076e-02 ]
   - !!opencv-matrix
      rows: 3
      cols: 1
      dt: d
      data: [ 3.9934120775961929e-01, 1.6162944100048054e-01,
          1.5782763010832457e-01 ]
   - !!opencv-matrix
      rows: 3
      cols: 1
      dt: d
      data: [ 3.4171538754828484e-01, 8.2738063954593627e-02,
          5.0587504697324141e-02 ]
   - !!opencv-matrix
      rows: 3
      cols: 1
      dt: d
      data: [ 5.7777881258235797e-02, 2.2756352024571375e-01,
          -2.4834774486065282e-02 ]
   - !!opencv-matrix
      rows: 3
      cols: 1
      dt: d
      data: [ -5.5723091252994328e-01, 1.7138566815648434e-01,
          9.9311164330820583e-03 ]
   - !!opencv-matrix
      rows: 3
      cols: 1
      dt: d
      data: [ 1.5392033331265292e-01, 3.1436666259253915e-01,
          2.8471073918109230e-01 ]
   - !!opencv-matrix
      rows: 3
      cols: 1
      dt: d
      data: [ 1.2404687127703611e-01, 1.1061324506275461e-01,
          -7.5189590685071139e-02 ]
   - !!opencv-matrix
      rows: 3
      cols: 1
      dt: d
      data: [ 1.0853411223814440e-01, 1.3801961446117464e-01,
          6.6346074654887024e-02 ]
   - !!opencv-matrix
      rows: 3
      cols: 1
      dt: d
      data: [ 9.6734355350918788e-02, 3.0125759037669647e-01,
          1.6352041520907004e-01 ]
   - !!opencv-matrix
      rows: 3
      cols: 1
      dt: d
      data: [ -6.9029815538626638e-02, 1.8831633477829551e-01,
          1.6461661653621043e-01 ]
   - !!opencv-matrix
      rows: 3
      cols: 1
      dt: d
      data: [ 1.5234339970192912e-01, 6.5541748788096543e-01,
          4.3208149562119415e-02 ]
   - !!opencv-matrix
      rows: 3
      cols: 1
      dt: d
      data: [ 3.6873980644523308e-01, 4.6316988707427159e-01,
          1.3510376305222227e-01 ]
   - !!opencv-matrix
      rows: 3
      cols: 1
      dt: d
      data: [ 2.0167941425390376e-01, -2.3135644773715242e-01,
          1.4552300964270015e+00 ]
   - !!opencv-matrix
      rows: 3
      cols: 1
      dt: d
      data: [ -1.9305842489959019e-01, -8.9161708755969807e-02,
          1.2892878085520967e+00 ]
   - !!opencv-matrix
      rows: 3
      cols: 1
      dt: d
      data: [ -6.9974068904384817e-02, -2.8730606714013845e-01,
          1.5389004221690523e+00 ]
   - !!opencv-matrix
      rows: 3
      cols: 1
      dt: d
      data: [ -2.4768914232717554e-01, -3.5050258121323324e-01,
          1.4925666450597470e+00 ]
   - !!opencv-matrix
      rows: 3
      cols: 1
      dt: d
      data: [ 4.5720206538555058e-01, -4.4523158980241138e-02,
          1.3887946727747054e+00 ]
   - !!opencv-matrix
      rows: 3
      cols: 1
      dt: d
      data: [ 2.7322866650156757e-01, -2.3848748856885579e-02,
          1.5188469771636028e+00 ]
   - !!opencv-matrix
      rows: 3
      cols: 1
      dt: d
      data: [ 9.6525097381614341e-02, -2.5639185640588552e-01,
          1.5246349402750561e+00 ]
   - !!opencv-matrix
      rows: 3
      cols: 1
      dt: d
      data: [ 7.3291340524581888e-02, -2.8055513215161182e-01,
          1.4769940957974044e+00 ]
   - !!opencv-matrix
      rows: 3
      cols: 1
      dt: d
      data: [ 2.5125636870314016e-01, -1.1066250609116417e-01,
          1.3053983334754915e+00 ]
   - !!opencv-matrix
      rows: 3
      cols: 1
      dt: d
      data: [ 2.4358016536556482e-01, 7.5408388505578627e-02,
          1.2544271866036454e+00 ]
   - !!opencv-matrix
      rows: 3
      cols: 1
      dt: d
      data: [ -2.6801774455515093e-01, -2.0086303853633924e-01,
          1.4163987713872186e+00 ]
   - !!opencv-matrix
      rows: 3
      cols: 1
      dt: d
      data: [ -4.8579653437420149e-02, -5.5326992883382697e-01,
          1.2037871206623141e+00 ]
