%YAML:1.0
---
Calibrate_Accuracy: 2.3423489203360159e-01
Camera_Matrix: !!opencv-matrix
   rows: 3
   cols: 3
   dt: d
   data: [ 8.3854489087725051e+02, 0., 3.3379994568924991e+02, 0.,
       8.4369431102567660e+02, 2.5348872663892493e+02, 0., 0., 1. ]
Distortion_Coefficients: !!opencv-matrix
   rows: 5
   cols: 1
   dt: d
   data: [ -3.8698347155591650e-01, 6.4032022852467962e-01,
       -1.6980880120108851e-03, 1.9270593891038961e-03,
       -2.1872033838634382e+00 ]
Rotation_Vector:
   - !!opencv-matrix
      rows: 3
      cols: 1
      dt: d
      data: [ 1.0301481051908948e-01, -8.3391005555117539e-02,
          -2.6097753857025435e-02 ]
   - !!opencv-matrix
      rows: 3
      cols: 1
      dt: d
      data: [ 3.3384524674743654e-01, 3.4756382045320333e-02,
          -5.5198758212525754e-02 ]
   - !!opencv-matrix
      rows: 3
      cols: 1
      dt: d
      data: [ 1.0318062884036391e-01, 1.0126255502584548e-01,
          1.6436109715251720e-01 ]
   - !!opencv-matrix
      rows: 3
      cols: 1
      dt: d
      data: [ 3.2013521664563827e-01, 1.1197736061523290e-01,
          1.8427076040618900e-01 ]
   - !!opencv-matrix
      rows: 3
      cols: 1
      dt: d
      data: [ 3.5701482214052599e-01, -1.1847043187156252e-01,
          1.9359959120300217e-02 ]
   - !!opencv-matrix
      rows: 3
      cols: 1
      dt: d
      data: [ 3.2393059868186497e-01, 7.3256152460341742e-02,
          -9.7686716643859972e-03 ]
   - !!opencv-matrix
      rows: 3
      cols: 1
      dt: d
      data: [ 3.0758225594447725e-01, -2.9723587780606409e-02,
          1.0494454884447696e-01 ]
   - !!opencv-matrix
      rows: 3
      cols: 1
      dt: d
      data: [ 1.8768470823657446e-01, -6.8546343937774118e-02,
          1.8373076965421067e-01 ]
   - !!opencv-matrix
      rows: 3
      cols: 1
      dt: d
      data: [ 8.6246836277388925e-02, 1.4991261764268779e-01,
          1.8099242666392437e-01 ]
   - !!opencv-matrix
      rows: 3
      cols: 1
      dt: d
      data: [ 1.0444604108060811e-01, 2.2118558541477210e-02,
          4.5777335377578006e-02 ]
   - !!opencv-matrix
      rows: 3
      cols: 1
      dt: d
      data: [ 1.6272604880094974e-01, -2.5587632352002504e-01,
          1.0561989979804485e-02 ]
   - !!opencv-matrix
      rows: 3
      cols: 1
      dt: d
      data: [ 2.4349913641699930e-01, 4.3625441976874546e-01,
          -1.4879970825885649e-01 ]
   - !!opencv-matrix
      rows: 3
      cols: 1
      dt: d
      data: [ 3.4881700899489310e-01, 3.1836921343242214e-01,
          -1.8907473454484604e-02 ]
   - !!opencv-matrix
      rows: 3
      cols: 1
      dt: d
      data: [ 4.7039973748082192e-01, 3.7808767386403735e-01,
          -1.6500116142493523e-02 ]
   - !!opencv-matrix
      rows: 3
      cols: 1
      dt: d
      data: [ 4.8251208277520136e-01, 3.9815294108897514e-01,
          8.6086583242903983e-02 ]
   - !!opencv-matrix
      rows: 3
      cols: 1
      dt: d
      data: [ 5.0754412061092979e-01, 2.9914115196919899e-01,
          8.0591536984372478e-02 ]
   - !!opencv-matrix
      rows: 3
      cols: 1
      dt: d
      data: [ 1.7802509811065799e-02, 3.0758203408944795e-01,
          1.3360057181339444e-01 ]
   - !!opencv-matrix
      rows: 3
      cols: 1
      dt: d
      data: [ -3.0476178355787753e-02, 3.1356168969641729e-01,
          1.3364720536445868e-01 ]
   - !!opencv-matrix
      rows: 3
      cols: 1
      dt: d
      data: [ -1.8223618171634573e-01, 1.2984589667157323e-01,
          -2.0741992323050951e-02 ]
   - !!opencv-matrix
      rows: 3
      cols: 1
      dt: d
      data: [ 2.4839604230036505e-01, 1.3376409055659785e-01,
          -3.5814793337500463e-02 ]
   - !!opencv-matrix
      rows: 3
      cols: 1
      dt: d
      data: [ 1.8044923652063069e-01, -3.6409357421325131e-02,
          1.9960374584510582e-01 ]
   - !!opencv-matrix
      rows: 3
      cols: 1
      dt: d
      data: [ -3.0865301122603422e-01, 8.9267447739572889e-02,
          2.1627990842638924e-02 ]
   - !!opencv-matrix
      rows: 3
      cols: 1
      dt: d
      data: [ -5.0516047931748805e-02, 1.4031785850446046e-01,
          -2.8260880612168918e-03 ]
   - !!opencv-matrix
      rows: 3
      cols: 1
      dt: d
      data: [ 6.3571600488767491e-02, 3.5978498115054985e-01,
          6.8617263737477618e-02 ]
   - !!opencv-matrix
      rows: 3
      cols: 1
      dt: d
      data: [ 1.9481736938663837e-02, 4.5416022814623624e-01,
          7.6233962416510870e-02 ]
   - !!opencv-matrix
      rows: 3
      cols: 1
      dt: d
      data: [ 8.2532860832613977e-02, 2.5789182594906912e-01,
          5.1822673224693597e-02 ]
   - !!opencv-matrix
      rows: 3
      cols: 1
      dt: d
      data: [ -9.3523737331155654e-02, 5.2272916758365623e-02,
          2.0803818468679337e-02 ]
   - !!opencv-matrix
      rows: 3
      cols: 1
      dt: d
      data: [ -3.4732595775741704e-01, 4.4592576979125692e-02,
          9.6366132763491374e-02 ]
   - !!opencv-matrix
      rows: 3
      cols: 1
      dt: d
      data: [ -2.4783559262133267e-01, 6.9306784862052792e-03,
          1.7295190494861518e-01 ]
   - !!opencv-matrix
      rows: 3
      cols: 1
      dt: d
      data: [ -2.5624147421089655e-01, 1.6810300221454061e-01,
          8.0422808439971349e-02 ]
   - !!opencv-matrix
      rows: 3
      cols: 1
      dt: d
      data: [ -3.3684761641677224e-01, 1.4597904542170723e-01,
          9.0786636432851342e-02 ]
   - !!opencv-matrix
      rows: 3
      cols: 1
      dt: d
      data: [ -3.3259616251535573e-01, 2.5561527722255867e-01,
          8.2294024272125968e-02 ]
   - !!opencv-matrix
      rows: 3
      cols: 1
      dt: d
      data: [ -8.8790072226562780e-02, 7.0211964175009967e-02,
          1.9412034146095122e-01 ]
   - !!opencv-matrix
      rows: 3
      cols: 1
      dt: d
      data: [ -1.3243262984185181e-01, 2.6459592032495646e-02,
          2.1794935091861653e-01 ]
   - !!opencv-matrix
      rows: 3
      cols: 1
      dt: d
      data: [ -9.9117599311354752e-03, 4.1899422416607476e-02,
          -8.8355233743202845e-03 ]
   - !!opencv-matrix
      rows: 3
      cols: 1
      dt: d
      data: [ -2.5834073821360017e+00, -1.2835346422821015e+00,
          -2.4899685110967382e-01 ]
   - !!opencv-matrix
      rows: 3
      cols: 1
      dt: d
      data: [ 2.3410803917609990e+00, 2.1099108715779344e+00,
          -3.7413237547391814e-02 ]
   - !!opencv-matrix
      rows: 3
      cols: 1
      dt: d
      data: [ -2.2324473082006007e+00, -1.9622883348518274e+00,
          -3.3631553239615236e-01 ]
   - !!opencv-matrix
      rows: 3
      cols: 1
      dt: d
      data: [ 4.6948559018505705e-02, -5.6710498386880241e-02,
          -1.2649096689598621e-01 ]
   - !!opencv-matrix
      rows: 3
      cols: 1
      dt: d
      data: [ 1.2868422802030682e-01, -7.5297600516100294e-02,
          2.0657390593850040e-02 ]
   - !!opencv-matrix
      rows: 3
      cols: 1
      dt: d
      data: [ 1.4612686638979969e-01, 9.9060180409741294e-02,
          -4.1533854449669359e-02 ]
