%YAML:1.0
---
Calibrate_Accuracy: 2.2826274445500425e-01
Camera_Matrix: !!opencv-matrix
   rows: 3
   cols: 3
   dt: d
   data: [ 8.1899546207890876e+02, 0., 3.3743195515256741e+02, 0.,
       8.1636319505077563e+02, 2.3649958193131189e+02, 0., 0., 1. ]
Distortion_Coefficients: !!opencv-matrix
   rows: 5
   cols: 1
   dt: d
   data: [ -3.1548051170346009e-01, 4.1141217419318990e-02,
       8.3227224017465504e-03, -3.4353257568355364e-03,
       4.1169222790678517e-01 ]
Rotation_Vector:
   - !!opencv-matrix
      rows: 3
      cols: 1
      dt: d
      data: [ 7.0986287814697444e-02, -1.1106346499787671e-01,
          1.6354912440858396e+00 ]
   - !!opencv-matrix
      rows: 3
      cols: 1
      dt: d
      data: [ 1.3842252696443844e-01, -6.2745083086697151e-01,
          1.4849949311117951e+00 ]
   - !!opencv-matrix
      rows: 3
      cols: 1
      dt: d
      data: [ 6.0767159867160847e-01, -9.5101676331794149e-01,
          1.6251033159309498e+00 ]
   - !!opencv-matrix
      rows: 3
      cols: 1
      dt: d
      data: [ -5.7049856333353977e-01, 4.2460000193098257e-01,
          1.8010055077697991e+00 ]
   - !!opencv-matrix
      rows: 3
      cols: 1
      dt: d
      data: [ -4.8453560556310532e-01, -2.3274160622885592e-01,
          1.3793747639996858e+00 ]
   - !!opencv-matrix
      rows: 3
      cols: 1
      dt: d
      data: [ 7.0822329084994462e-01, -2.4917184091792505e-01,
          1.6247000854380622e+00 ]
   - !!opencv-matrix
      rows: 3
      cols: 1
      dt: d
      data: [ -3.4616694415920207e-01, 2.3968591199233444e-01,
          1.3064765414112980e+00 ]
   - !!opencv-matrix
      rows: 3
      cols: 1
      dt: d
      data: [ 2.7416365774596724e-01, -1.5688874646045747e-01,
          1.9516295362129659e+00 ]
   - !!opencv-matrix
      rows: 3
      cols: 1
      dt: d
      data: [ -4.5419845467523076e-02, -7.4603167248484326e-01,
          1.6498942210049143e+00 ]
   - !!opencv-matrix
      rows: 3
      cols: 1
      dt: d
      data: [ -1.0544764761745669e-01, -8.1468074249159272e-01,
          1.5102343615280549e+00 ]
   - !!opencv-matrix
      rows: 3
      cols: 1
      dt: d
      data: [ -9.2556023630180895e-03, 2.3613090894135555e-01,
          1.7470214049346302e+00 ]
   - !!opencv-matrix
      rows: 3
      cols: 1
      dt: d
      data: [ -3.9546252640528773e-01, 3.4238315139320463e-01,
          1.8393469999856220e+00 ]
   - !!opencv-matrix
      rows: 3
      cols: 1
      dt: d
      data: [ -4.7444783629297294e-01, -3.6706755104176780e-01,
          1.6795634810246998e+00 ]
   - !!opencv-matrix
      rows: 3
      cols: 1
      dt: d
      data: [ -5.0583909785855696e-01, -4.9658552214277024e-01,
          1.6817430134257012e+00 ]
   - !!opencv-matrix
      rows: 3
      cols: 1
      dt: d
      data: [ 4.6940150971974298e-01, 4.9287204127645157e-01,
          1.4368106582793976e+00 ]
   - !!opencv-matrix
      rows: 3
      cols: 1
      dt: d
      data: [ -4.5967522758892537e-01, -6.1650828565477422e-01,
          1.8096585012856936e+00 ]
   - !!opencv-matrix
      rows: 3
      cols: 1
      dt: d
      data: [ -2.4458154267311599e-01, 2.1641310382039369e-01,
          1.8164175434488949e+00 ]
   - !!opencv-matrix
      rows: 3
      cols: 1
      dt: d
      data: [ -5.1666504622860012e-03, -4.4420028291613922e-01,
          1.3336923170595953e+00 ]
   - !!opencv-matrix
      rows: 3
      cols: 1
      dt: d
      data: [ 8.3141223481410495e-02, -1.3119903615859060e-01,
          1.3286838724530476e+00 ]
   - !!opencv-matrix
      rows: 3
      cols: 1
      dt: d
      data: [ 1.6679636035720494e-02, 4.5568772287189441e-01,
          1.3389610043211075e+00 ]
   - !!opencv-matrix
      rows: 3
      cols: 1
      dt: d
      data: [ -4.7054369272323801e-02, 3.6115374254113425e-01,
          1.8194777742940327e+00 ]
   - !!opencv-matrix
      rows: 3
      cols: 1
      dt: d
      data: [ 4.6645179294291250e-01, 9.5493291983275011e-02,
          1.3505015391349728e+00 ]
   - !!opencv-matrix
      rows: 3
      cols: 1
      dt: d
      data: [ 2.0638891553194036e-01, -5.1344933270862558e-01,
          2.0198566582712481e+00 ]
   - !!opencv-matrix
      rows: 3
      cols: 1
      dt: d
      data: [ 9.4647543713987037e-02, 3.0107068338707327e-02,
          1.2987514905018225e+00 ]
   - !!opencv-matrix
      rows: 3
      cols: 1
      dt: d
      data: [ -2.2739336526006022e-02, -5.5953754920104304e-01,
          1.1897381579764956e+00 ]
   - !!opencv-matrix
      rows: 3
      cols: 1
      dt: d
      data: [ -1.3667898295577985e-01, -6.2687304090230844e-01,
          1.2878624752811538e+00 ]
   - !!opencv-matrix
      rows: 3
      cols: 1
      dt: d
      data: [ 1.3614662628338856e-01, 1.8993974089370938e-01,
          1.5337422348822367e+00 ]
   - !!opencv-matrix
      rows: 3
      cols: 1
      dt: d
      data: [ -1.3217174522815081e-01, -5.3838617142507517e-01,
          1.4281354141867348e+00 ]
   - !!opencv-matrix
      rows: 3
      cols: 1
      dt: d
      data: [ 2.4945136987610139e-01, -4.8895329657862036e-01,
          1.6347588714156007e+00 ]
   - !!opencv-matrix
      rows: 3
      cols: 1
      dt: d
      data: [ 5.3756553394255124e-01, -3.6801390716992516e-01,
          1.5989187977174888e+00 ]
   - !!opencv-matrix
      rows: 3
      cols: 1
      dt: d
      data: [ 5.3834657992399637e-01, -1.3515115154770108e-01,
          1.9354725136213227e+00 ]
   - !!opencv-matrix
      rows: 3
      cols: 1
      dt: d
      data: [ 2.7065725843934269e-01, -4.1527610891699479e-01,
          1.6356621616660483e+00 ]
   - !!opencv-matrix
      rows: 3
      cols: 1
      dt: d
      data: [ 1.1175212413812029e-01, -6.0382331822355229e-01,
          1.6557897599226896e+00 ]
   - !!opencv-matrix
      rows: 3
      cols: 1
      dt: d
      data: [ -1.1799959850398795e-01, 4.0474754413203862e-01,
          1.6049122764520267e+00 ]
   - !!opencv-matrix
      rows: 3
      cols: 1
      dt: d
      data: [ 3.5684086058476047e-02, -6.0583149734013997e-01,
          1.7011057681898716e+00 ]
   - !!opencv-matrix
      rows: 3
      cols: 1
      dt: d
      data: [ 4.9018466308468761e-01, 3.9837391944689327e-01,
          1.9905102741586425e+00 ]
   - !!opencv-matrix
      rows: 3
      cols: 1
      dt: d
      data: [ 1.4672659286854792e-01, -1.2885551533840042e-01,
          1.5384259796028008e+00 ]
   - !!opencv-matrix
      rows: 3
      cols: 1
      dt: d
      data: [ -4.9545149704049202e-01, -8.5304634194313625e-02,
          1.6596868282559318e+00 ]
   - !!opencv-matrix
      rows: 3
      cols: 1
      dt: d
      data: [ -3.6211753665240570e-01, -1.0293752001015141e-01,
          1.5732687543762749e+00 ]
   - !!opencv-matrix
      rows: 3
      cols: 1
      dt: d
      data: [ 2.6256579382203066e-01, -1.0459896555580826e-02,
          2.1677330588303998e+00 ]
   - !!opencv-matrix
      rows: 3
      cols: 1
      dt: d
      data: [ -1.2739717595331282e-01, 1.0784043284445380e-01,
          1.2033963753151213e+00 ]
   - !!opencv-matrix
      rows: 3
      cols: 1
      dt: d
      data: [ 3.8191948984907992e-01, -2.5954762799428865e-01,
          1.7003659184463262e+00 ]
   - !!opencv-matrix
      rows: 3
      cols: 1
      dt: d
      data: [ 2.3678011429794335e-01, -5.8652902294647036e-01,
          1.5573172435300218e+00 ]
   - !!opencv-matrix
      rows: 3
      cols: 1
      dt: d
      data: [ 5.0451972571093395e-01, 6.7481346846960522e-01,
          1.5842354268991299e+00 ]
   - !!opencv-matrix
      rows: 3
      cols: 1
      dt: d
      data: [ 1.3234389421407050e-01, 3.3075796414316250e-01,
          1.8479228913128585e+00 ]
   - !!opencv-matrix
      rows: 3
      cols: 1
      dt: d
      data: [ 5.3812309950715753e-01, -5.7699505030901765e-01,
          1.4518655540051653e+00 ]
   - !!opencv-matrix
      rows: 3
      cols: 1
      dt: d
      data: [ 4.1266193750580371e-01, -4.2663718297993508e-01,
          1.7058859610371733e+00 ]
   - !!opencv-matrix
