%YAML:1.0
---
Calibrate_Accuracy: 2.4481745805426944e-01
Camera_Matrix: !!opencv-matrix
   rows: 3
   cols: 3
   dt: d
   data: [ 8.5108786236854451e+02, 0., 3.2379654353920404e+02, 0.,
       8.4077745954133763e+02, 2.6704340229677484e+02, 0., 0., 1. ]
Distortion_Coefficients: !!opencv-matrix
   rows: 5
   cols: 1
   dt: d
   data: [ -4.5758683671795408e-01, 1.3281687092447414e+00,
       -6.3059547354417204e-03, 3.9601259608262505e-04,
       -4.0012086350380907e+00 ]
Rotation_Vector:
   - !!opencv-matrix
      rows: 3
      cols: 1
      dt: d
      data: [ -4.8187323613122852e-04, -4.2137439803762528e-02,
          4.2903541032331523e-02 ]
   - !!opencv-matrix
      rows: 3
      cols: 1
      dt: d
      data: [ 1.0650337608926351e-01, -1.3176851891679278e-01,
          -3.5785195276775250e-01 ]
   - !!opencv-matrix
      rows: 3
      cols: 1
      dt: d
      data: [ 5.3915816308500286e-01, -2.3720416776656206e-01,
          1.5033052435555200e-01 ]
   - !!opencv-matrix
      rows: 3
      cols: 1
      dt: d
      data: [ 7.0355159892434516e-01, -4.1542980722787626e-01,
          2.5725468719844661e-02 ]
   - !!opencv-matrix
      rows: 3
      cols: 1
      dt: d
      data: [ -4.4813513759212376e-01, 1.0501557497411430e-01,
          -2.2500133971063672e-02 ]
   - !!opencv-matrix
      rows: 3
      cols: 1
      dt: d
      data: [ -3.6963657078237161e-01, -1.7245533364501700e-02,
          -1.1666173621172729e-01 ]
   - !!opencv-matrix
      rows: 3
      cols: 1
      dt: d
      data: [ -1.1284797184226034e-01, 1.1719042589382965e-01,
          1.7864302984807590e-01 ]
   - !!opencv-matrix
      rows: 3
      cols: 1
      dt: d
      data: [ 2.4949220577753531e-01, -4.0895165177518555e-01,
          1.0423640580421678e-01 ]
   - !!opencv-matrix
      rows: 3
      cols: 1
      dt: d
      data: [ -2.4391550180928222e-02, 3.0277998020136884e-03,
          -2.4610080273712756e-01 ]
   - !!opencv-matrix
      rows: 3
      cols: 1
      dt: d
      data: [ 3.3815775119800695e-01, -6.8994381468323884e-01,
          -2.4077810787185552e-01 ]
   - !!opencv-matrix
      rows: 3
      cols: 1
      dt: d
      data: [ -2.1008481398455531e-02, 7.4602392757134706e-02,
          4.7786003198977106e-02 ]
   - !!opencv-matrix
      rows: 3
      cols: 1
      dt: d
      data: [ 6.0977854936535314e-01, -3.7948507282994903e-01,
          9.4117499003152638e-02 ]
   - !!opencv-matrix
      rows: 3
      cols: 1
      dt: d
      data: [ 4.1267610876056160e-01, -2.1344850528125256e-01,
          1.2242986057826423e-01 ]
   - !!opencv-matrix
      rows: 3
      cols: 1
      dt: d
      data: [ 3.7102980434229560e-01, -1.5808484641428552e-01,
          6.4171885090510783e-01 ]
   - !!opencv-matrix
      rows: 3
      cols: 1
      dt: d
      data: [ 5.8008278806874349e-02, -2.7310338417573987e-01,
          -2.3354201649607922e-01 ]
   - !!opencv-matrix
      rows: 3
      cols: 1
      dt: d
      data: [ 1.1901856674277503e-01, -3.8659446132007225e-01,
          -3.2831440323026401e-01 ]
   - !!opencv-matrix
      rows: 3
      cols: 1
      dt: d
      data: [ 4.5603784736694097e-01, -1.8343142688391351e-01,
          3.1655246914803981e-01 ]
   - !!opencv-matrix
      rows: 3
      cols: 1
      dt: d
      data: [ 5.4655344684488211e-02, 3.3155001463427397e-01,
          2.0877320870949048e-01 ]
   - !!opencv-matrix
      rows: 3
      cols: 1
      dt: d
      data: [ 1.5686729194724547e-01, -2.3570505181847792e-01,
          -2.8695909774417072e-01 ]
   - !!opencv-matrix
      rows: 3
      cols: 1
      dt: d
      data: [ -3.0681117652837925e-01, -2.3836835635833301e-01,
          1.1423913606694733e-01 ]
   - !!opencv-matrix
      rows: 3
      cols: 1
      dt: d
      data: [ 9.4673080938505114e-02, 4.9795022031584736e-02,
          4.9668721086217044e-01 ]
   - !!opencv-matrix
      rows: 3
      cols: 1
      dt: d
      data: [ -5.3867420663765864e-01, -4.4990296624649373e-01,
          -6.4490040553853378e-02 ]
   - !!opencv-matrix
      rows: 3
      cols: 1
      dt: d
      data: [ 3.5624523092892357e-01, -4.3631356143001115e-01,
          -1.9612787613135435e-01 ]
   - !!opencv-matrix
      rows: 3
      cols: 1
      dt: d
      data: [ 1.0436533492190765e-01, -3.7534033904896491e-01,
          -9.1809422942896249e-02 ]
   - !!opencv-matrix
      rows: 3
      cols: 1
      dt: d
      data: [ 4.8848679082251084e-01, 2.8781153645622159e-01,
          1.6735784970930717e-01 ]
   - !!opencv-matrix
      rows: 3
      cols: 1
      dt: d
      data: [ 6.1931198459779691e-01, -2.1737505385981701e-01,
          -2.4267955625857071e-01 ]
   - !!opencv-matrix
      rows: 3
      cols: 1
      dt: d
      data: [ -1.1277577241827455e-01, -1.8604104542229002e-01,
          -3.6058173137546851e-01 ]
   - !!opencv-matrix
      rows: 3
      cols: 1
      dt: d
      data: [ 6.1472712377947214e-01, -3.6546377656457935e-01,
          -1.6141695731850295e-01 ]
   - !!opencv-matrix
      rows: 3
      cols: 1
      dt: d
      data: [ 4.8205815285986486e-01, -5.8754002094806568e-01,
          -1.2446344131261118e-01 ]
   - !!opencv-matrix
      rows: 3
      cols: 1
      dt: d
      data: [ 4.0034667241104266e-01, -2.8010943106256020e-01,
          -4.2984505851272066e-02 ]
   - !!opencv-matrix
      rows: 3
      cols: 1
      dt: d
      data: [ 5.3789956228418104e-02, -3.8847716338352112e-01,
          -2.8562483275070588e-01 ]
   - !!opencv-matrix
      rows: 3
      cols: 1
      dt: d
      data: [ 2.0131135116386983e-01, -5.2182247804782922e-01,
          2.3014485533861137e-02 ]
   - !!opencv-matrix
      rows: 3
      cols: 1
      dt: d
      data: [ 5.8216404696912756e-02, -2.8328686902661798e-01,
          -5.0245974540395233e-01 ]
   - !!opencv-matrix
      rows: 3
      cols: 1
      dt: d
      data: [ 1.1939675126183948e-01, -1.2796286510169325e-01,
          1.4644063827393550e-01 ]
   - !!opencv-matrix
      rows: 3
      cols: 1
      dt: d
      data: [ 3.6443088358502573e-01, 3.7304549431631445e-02,
          4.5541900651913558e-01 ]
   - !!opencv-matrix
      rows: 3
      cols: 1
      dt: d
      data: [ -1.9751562411039017e-01, -1.4281185638101732e-01,
          4.5079724821983841e-01 ]
   - !!opencv-matrix
      rows: 3
      cols: 1
      dt: d
      data: [ 4.5922827811898598e-01, -5.1209376254248429e-01,
          1.3176295331544777e-01 ]
   - !!opencv-matrix
      rows: 3
      cols: 1
      dt: d
      data: [ -2.3295181305308971e-02, -2.1018700838806781e-01,
          -1.2597477809036495e-01 ]
   - !!opencv-matrix
      rows: 3
      cols: 1
      dt: d
      data: [ 2.8099354607708216e-01, -5.3083814453849720e-01,
          -2.7863007458657201e-02 ]
   - !!opencv-matrix
      rows: 3
      cols: 1
      dt: d
      data: [ 2.4011785172296696e-01, -5.8080664834854800e-01,
          -1.2620373078807534e-01 ]
