%YAML:1.0
---
Calibrate_Accuracy: 2.3164506958239231e-01
Camera_Matrix: !!opencv-matrix
   rows: 3
   cols: 3
   dt: d
   data: [ 5.7135364135642988e+02, 0., 3.1490102235761367e+02, 0.,
       5.6675338626749965e+02, 2.3252275131677888e+02, 0., 0., 1. ]
Distortion_Coefficients: !!opencv-matrix
   rows: 5
   cols: 1
   dt: d
   data: [ 1.6609592932605645e-02, -9.4195009843650340e-02,
       5.9846694439217641e-04, -9.1790321476138310e-03,
       5.9388507775298173e-02 ]
Rotation_Vector:
   - !!opencv-matrix
      rows: 3
      cols: 1
      dt: d
      data: [ 1.0048582097584863e-01, 8.7659310137244012e-02,
          1.6823576606952120e-02 ]
   - !!opencv-matrix
      rows: 3
      cols: 1
      dt: d
      data: [ 2.7224462461257487e-01, -3.8378952699211610e-01,
          -3.5533484474856641e-01 ]
   - !!opencv-matrix
      rows: 3
      cols: 1
      dt: d
      data: [ 1.4663536472201369e-01, 1.9358106941188866e-01,
          2.9459063584630585e-01 ]
   - !!opencv-matrix
      rows: 3
      cols: 1
      dt: d
      data: [ -1.4343516639673526e-01, 2.1746639317214328e-01,
          3.0595805103110169e-01 ]
   - !!opencv-matrix
      rows: 3
      cols: 1
      dt: d
      data: [ -1.9611388497556995e-01, -1.3427116724230215e-02,
          -2.9665739328835866e-01 ]
   - !!opencv-matrix
      rows: 3
      cols: 1
      dt: d
      data: [ 2.4113235859832577e-01, 5.5136766677237381e-02,
          2.7694788049740954e-01 ]
   - !!opencv-matrix
      rows: 3
      cols: 1
      dt: d
      data: [ 7.0793162006018887e-02, 8.8361829854464280e-02,
          1.7386779407818895e-01 ]
   - !!opencv-matrix
      rows: 3
      cols: 1
      dt: d
      data: [ -4.0126622297689118e-01, 2.9643806782512751e-02,
          3.9047762305307021e-01 ]
   - !!opencv-matrix
      rows: 3
      cols: 1
      dt: d
      data: [ 1.8569285124737558e-01, -2.8067199665162246e+00,
          3.4473021215606769e-01 ]
   - !!opencv-matrix
      rows: 3
      cols: 1
      dt: d
      data: [ -1.2628720499734086e-01, 4.8431466167196645e-02,
          2.4184044848617234e-01 ]
   - !!opencv-matrix
      rows: 3
      cols: 1
      dt: d
      data: [ -9.8690374930823652e-02, -4.3828298283535884e-02,
          2.5163014470121081e-01 ]
   - !!opencv-matrix
      rows: 3
      cols: 1
      dt: d
      data: [ -5.7633049420637916e-01, 3.9714269986889740e-02,
          1.0222308562599076e-01 ]
   - !!opencv-matrix
      rows: 3
      cols: 1
      dt: d
      data: [ -2.6082605473651710e-01, -1.9486073851415060e-02,
          -1.7415351932482614e-02 ]
   - !!opencv-matrix
      rows: 3
      cols: 1
      dt: d
      data: [ -1.6631891382306579e-01, -4.2778417204813027e-02,
          -2.9979033080121786e-02 ]
   - !!opencv-matrix
      rows: 3
      cols: 1
      dt: d
      data: [ -4.1031619345227623e-02, -2.4536475967187546e-01,
          -2.7102935140756734e-01 ]
   - !!opencv-matrix
      rows: 3
      cols: 1
      dt: d
      data: [ 7.9775282901529035e-02, -1.7401865493139226e-01,
          3.1367215822184724e-01 ]
   - !!opencv-matrix
      rows: 3
      cols: 1
      dt: d
      data: [ -1.7956548325256408e-01, 6.6748752375562437e-02,
          5.1394906639835938e-02 ]
   - !!opencv-matrix
      rows: 3
      cols: 1
      dt: d
      data: [ -7.9787041262853589e-02, 2.1505610686880769e-02,
          -3.3213693912976816e-01 ]
   - !!opencv-matrix
      rows: 3
      cols: 1
      dt: d
      data: [ -2.6377154626493562e+00, -1.6148290487472204e-02,
          -3.2104547233060376e-01 ]
   - !!opencv-matrix
      rows: 3
      cols: 1
      dt: d
      data: [ -2.7309616726205994e+00, 5.8651188674514174e-02,
          -6.6593899676335633e-01 ]
   - !!opencv-matrix
      rows: 3
      cols: 1
      dt: d
      data: [ -2.1402285730408269e-01, -6.3517160621087573e-02,
          9.3689878581078426e-02 ]
   - !!opencv-matrix
      rows: 3
      cols: 1
      dt: d
      data: [ -2.2244613115598996e-01, 3.9060914000608526e-01,
          2.9392274026041476e-01 ]
   - !!opencv-matrix
      rows: 3
      cols: 1
      dt: d
      data: [ 8.2944782713105670e-03, 2.1180078095256549e-01,
          3.3330051234371677e-01 ]
   - !!opencv-matrix
      rows: 3
      cols: 1
      dt: d
      data: [ -2.2916037566774336e-02, -6.3240335059213792e-03,
          -2.3373677412133811e-01 ]
   - !!opencv-matrix
      rows: 3
      cols: 1
      dt: d
      data: [ -1.0847652783443784e-01, 2.1718152366907151e-02,
          4.0875933139834286e-01 ]
   - !!opencv-matrix
      rows: 3
      cols: 1
      dt: d
      data: [ -5.0325874196186382e-01, 1.0871557551768911e-01,
          -2.8321167361647470e-02 ]
   - !!opencv-matrix
      rows: 3
      cols: 1
      dt: d
      data: [ -1.4865144116507245e-01, 4.3723886569008591e-01,
          2.1963302796387535e-01 ]
   - !!opencv-matrix
      rows: 3
      cols: 1
      dt: d
      data: [ 9.6452622751900891e-02, 4.6358393332867559e-01,
          4.1491312262252437e-02 ]
   - !!opencv-matrix
      rows: 3
      cols: 1
      dt: d
      data: [ 2.7978075603090691e-01, 1.4825073977955991e-01,
          3.5015363493120083e-01 ]
   - !!opencv-matrix
      rows: 3
      cols: 1
      dt: d
      data: [ -3.3070950758729227e-02, 4.2327719169113159e-01,
          3.7167761098782184e-02 ]
   - !!opencv-matrix
      rows: 3
      cols: 1
      dt: d
      data: [ -4.5574593041965367e-01, 4.5307757474768354e-02,
          -4.5788377487325872e-02 ]
   - !!opencv-matrix
      rows: 3
      cols: 1
      dt: d
      data: [ 3.9340357596324871e-01, -2.8264531784999525e+00,
          -2.4166411900916601e-01 ]
   - !!opencv-matrix
      rows: 3
      cols: 1
      dt: d
      data: [ 3.1450730556390877e-01, -9.3986611367696204e-02,
          4.9600332671453684e-01 ]
   - !!opencv-matrix
      rows: 3
      cols: 1
      dt: d
      data: [ 2.8715211459877199e-01, -1.9026133746488172e-01,
          -2.8241601915066095e-01 ]
   - !!opencv-matrix
      rows: 3
      cols: 1
      dt: d
      data: [ -7.7156695852208013e-01, -1.5269577125598993e-01,
          -1.5556374021542854e-01 ]
   - !!opencv-matrix
      rows: 3
      cols: 1
      dt: d
      data: [ -9.9518481161927144e-02, 5.9846632986881622e-02,
          1.8312232221080174e-01 ]
   - !!opencv-matrix
      rows: 3
      cols: 1
      dt: d
      data: [ -7.8314507072127046e-02, 1.3466801939395937e-01,
          2.3297246121452470e-01 ]
   - !!opencv-matrix
      rows: 3
      cols: 1
      dt: d
      data: [ 1.0439490545218849e-01, 2.0757153201223424e-01,
          4.3248727258802300e-01 ]
   - !!opencv-matrix
      rows: 3
      cols: 1
      dt: d
      data: [ -7.0618286334220667e-02, 2.5235834797107326e-01,
          4.2614529846515070e-01 ]
   - !!opencv-matrix
      rows: 3
      cols: 1
      dt: d
      data: [ -1.9358067618639402e-01, -6.6342881765287673e-02,
          -2.2235057101897521e-01 ]
   - !!opencv-matrix
      rows: 3
      cols: 1
      dt: d
      data: [ 4.5216343031507134e-01, -2.1446305193550955e-01,
          -1.3679386271169969e-01 ]
   - !!opencv-matrix
      rows: 3
      cols: 1
      dt: d
      data: [ -1.9592660130733425e-01, 1.9978597209111315e-01,
          2.9508074960748515e-01 ]
   - !!opencv-matrix
      rows: 3
      cols: 1
      dt: d
      data: [ 4.5605908737451566e-02, 2.4362488849397138e-01,
          -5.2055030266805935e-01 ]
   - !!opencv-matrix
      rows: 3
      cols: 1
      dt: d
      data: [ 9.5627422390300892e-02, -3.0970956074546563e-01,
          -3.6036046840574804e-01 ]
   - !!opencv-matrix
      rows: 3
      cols: 1
      dt: d
      data: [ 1.2043286604239856e-01, 2.6279876124088747e-01,
          2.2372401972573044e-01 ]
   - !!opencv-matrix
      rows: 3
      cols: 1
      dt: d
      data: [ -4.2597541030584535e-01, -2.8364830430815658e-02,
          -3.7532330229117443e-02 ]
   - !!opencv-matrix
      rows: 3
      cols: 1
      dt: d
      data: [ 1.9726269971116012e-01, -2.4933625408823057e-01,
          1.8775220656463115e-01 ]
