%YAML:1.0
---
Calibrate_Accuracy: 2.3670677866644155e-01
Camera_Matrix: !!opencv-matrix
   rows: 3
   cols: 3
   dt: d
   data: [ 5.7755191930515366e+02, 0., 3.3350107062706275e+02, 0.,
       5.7441304466364238e+02, 2.1816250961023539e+02, 0., 0., 1. ]
Distortion_Coefficients: !!opencv-matrix
   rows: 5
   cols: 1
   dt: d
   data: [ -3.3050380862602183e-03, -2.8391667166976428e-02,
       -3.0676776375995521e-03, 2.2803762974273425e-03,
       -5.9306254186027987e-02 ]
Rotation_Vector:
   - !!opencv-matrix
      rows: 3
      cols: 1
      dt: d
      data: [ -1.2300390331652800e-01, -1.8385651999347366e-01,
          -5.3294834373986288e-01 ]
   - !!opencv-matrix
      rows: 3
      cols: 1
      dt: d
      data: [ 1.7731589786320268e-01, 5.2481005414068516e-01,
          -2.8623916361066040e+00 ]
   - !!opencv-matrix
      rows: 3
      cols: 1
      dt: d
      data: [ 1.4417137712495748e-01, -9.8005547251042310e-02,
          -3.0393736722030851e+00 ]
   - !!opencv-matrix
      rows: 3
      cols: 1
      dt: d
      data: [ 4.5868360342040676e-01, 1.6690085908187285e-01,
          -2.9121906537223397e+00 ]
   - !!opencv-matrix
      rows: 3
      cols: 1
      dt: d
      data: [ -2.2776652858791216e-01, 2.4465055011563197e-01,
          -1.2324929105093656e-02 ]
   - !!opencv-matrix
      rows: 3
      cols: 1
      dt: d
      data: [ -3.1125881554118362e-01, 2.1215504793693901e-01,
          -7.9594053830137720e-02 ]
   - !!opencv-matrix
      rows: 3
      cols: 1
      dt: d
      data: [ 1.4717612262315821e-01, -2.5040016763941308e-01,
          -1.9458225335009283e-02 ]
   - !!opencv-matrix
      rows: 3
      cols: 1
      dt: d
      data: [ -3.4776389113662881e-01, -2.8709544792127906e-01,
          2.7573252076968668e-01 ]
   - !!opencv-matrix
      rows: 3
      cols: 1
      dt: d
      data: [ -4.9089798301298887e-01, -5.2758333966316732e-02,
          -1.7994401229971321e-01 ]
   - !!opencv-matrix
      rows: 3
      cols: 1
      dt: d
      data: [ -2.5524955770079699e-01, 8.4867149346064211e-03,
          -4.6177216820417816e-01 ]
   - !!opencv-matrix
      rows: 3
      cols: 1
      dt: d
      data: [ 2.5296474912482519e-01, -2.5340570015671932e-01,
          -8.6978062655082247e-02 ]
   - !!opencv-matrix
      rows: 3
      cols: 1
      dt: d
      data: [ -1.0584289389544355e-01, -4.5174479752370345e-01,
          3.6814660218527001e-02 ]
   - !!opencv-matrix
      rows: 3
      cols: 1
      dt: d
      data: [ -3.1105690601266300e-01, -2.6370266629812372e-01,
          -1.7762347566035880e-01 ]
   - !!opencv-matrix
      rows: 3
      cols: 1
      dt: d
      data: [ 8.4924348909777236e-02, -5.4400065979687473e-01,
          1.7479333240482170e-01 ]
   - !!opencv-matrix
      rows: 3
      cols: 1
      dt: d
      data: [ -1.7622105112471573e-01, -4.2140121392122643e-01,
          -1.5998189785265374e-01 ]
   - !!opencv-matrix
      rows: 3
      cols: 1
      dt: d
      data: [ -4.2047380767180159e-01, 2.8052541741438763e+00,
          5.5133925611462375e-01 ]
   - !!opencv-matrix
      rows: 3
      cols: 1
      dt: d
      data: [ 1.4499682311151660e-01, -3.5289404495016169e-01,
          -4.0223107846752412e-02 ]
   - !!opencv-matrix
      rows: 3
      cols: 1
      dt: d
      data: [ -1.1265364018230048e-01, -3.3185061718415798e-01,
          1.4118499907603664e-02 ]
   - !!opencv-matrix
      rows: 3
      cols: 1
      dt: d
      data: [ 1.6136010908204687e-01, -5.0535884096437146e-02,
          -2.5574541080552765e-01 ]
   - !!opencv-matrix
      rows: 3
      cols: 1
      dt: d
      data: [ -4.6489253110726458e-01, -6.3088604267768383e-02,
          -2.9925934020120876e-01 ]
   - !!opencv-matrix
      rows: 3
      cols: 1
      dt: d
      data: [ 5.6999361503784082e-02, -3.0407786050444024e-01,
          -6.4294594358582716e-02 ]
   - !!opencv-matrix
      rows: 3
      cols: 1
      dt: d
      data: [ -2.3321635104516414e-01, -3.0803867333186802e-01,
          -2.6990471898878277e-01 ]
   - !!opencv-matrix
      rows: 3
      cols: 1
      dt: d
      data: [ -1.5999250775961166e-01, -3.4187178991366629e-01,
          1.3797805096417051e-01 ]
   - !!opencv-matrix
      rows: 3
      cols: 1
      dt: d
      data: [ -8.1951824021109065e-02, -3.8424931515674415e-01,
          6.3136339221598180e-03 ]
   - !!opencv-matrix
      rows: 3
      cols: 1
      dt: d
      data: [ -4.5846878632290105e-03, -3.7776727448668035e-01,
          -4.1747045822309692e-01 ]
   - !!opencv-matrix
      rows: 3
      cols: 1
      dt: d
      data: [ -8.8837525993540112e-02, 4.4945290131321244e-02,
          2.0519202609450063e-01 ]
   - !!opencv-matrix
      rows: 3
      cols: 1
      dt: d
      data: [ 1.6108863334558854e-01, -2.0993206303410816e-01,
          3.1506422698653153e-01 ]
   - !!opencv-matrix
      rows: 3
      cols: 1
      dt: d
      data: [ 2.9931608887316979e-01, -2.9841106218271252e-01,
          1.0758521698752443e-01 ]
   - !!opencv-matrix
      rows: 3
      cols: 1
      dt: d
      data: [ -6.4304410771257148e-02, 2.5914497002856099e-02,
          -5.8728102697622298e-02 ]
   - !!opencv-matrix
      rows: 3
      cols: 1
      dt: d
      data: [ -2.1786866685136608e-01, 1.1233107414980847e-01,
          -6.2743095974743909e-02 ]
   - !!opencv-matrix
      rows: 3
      cols: 1
      dt: d
      data: [ -3.3741092910203538e-02, -9.0412723314114221e-02,
          4.1226210541456809e-01 ]
   - !!opencv-matrix
      rows: 3
      cols: 1
      dt: d
      data: [ 7.8317184339324036e-03, -1.9691562877099597e-01,
          -3.8414242438641338e-01 ]
   - !!opencv-matrix
      rows: 3
      cols: 1
      dt: d
      data: [ 1.3224111726298676e-01, 1.1006632996108351e-01,
          1.5578393738750930e-02 ]
   - !!opencv-matrix
      rows: 3
      cols: 1
      dt: d
      data: [ -2.3358610728899502e-02, -1.5870137144470661e-01,
          -1.3449879995732453e-01 ]
   - !!opencv-matrix
      rows: 3
      cols: 1
      dt: d
      data: [ 1.0621149774909768e-02, 1.2432654406330948e-01,
          5.2585521721756245e-01 ]
   - !!opencv-matrix
      rows: 3
      cols: 1
      dt: d
      data: [ -5.8940226537191509e-01, 1.2558916034585199e-01,
          -3.4736472137451291e-01 ]
   - !!opencv-matrix
      rows: 3
      cols: 1
      dt: d
      data: [ -2.9029238231706591e+00, -4.9255248132307761e-01,
          -1.6560955559093363e-01 ]
   - !!opencv-matrix
      rows: 3
      cols: 1
      dt: d
      data: [ -3.0243926787586743e+00, -1.4663358896292350e-01,
          -1.2212341114663150e-01 ]
   - !!opencv-matrix
      rows: 3
      cols: 1
      dt: d
      data: [ -4.2346529820425305e-01, 8.9897050906252995e-02,
          -5.9736955033812447e-02 ]
   - !!opencv-matrix
      rows: 3
      cols: 1
      dt: d
      data: [ -6.3664195724741204e-02, 1.2548127989333522e-02,
          1.8174359729266060e-01 ]
   - !!opencv-matrix
      rows: 3
      cols: 1
      dt: d
      data: [ 1.4659384247250645e-01, 2.4596752548371847e-01,
          -2.9897669390948706e-01 ]
   - !!opencv-matrix
      rows: 3
      cols: 1
      dt: d
      data: [ 8.1450521228543113e-02, 1.6702021459431460e-01,
          -1.4650599820858162e-01 ]
   - !!opencv-matrix
      rows: 3
      cols: 1
      dt: d
      data: [ -6.9015406528227990e-02, 3.5899681132035188e-01,
          3.1321728399206356e-01 ]
   - !!opencv-matrix
      rows: 3
      cols: 1
      dt: d
      data: [ -1.2603908881169509e-01, 3.8104657314346818e-01,
          1.6003308101762256e-02 ]
   - !!opencv-matrix
      rows: 3
      cols: 1
      dt: d
      data: [ 3.3806181855809642e-01, -8.2033837141749930e-02,
          -1.0548849324394884e-01 ]
   - !!opencv-matrix
      rows: 3
      cols: 1
      dt: d
      data: [ -2.1854728069717080e-02, -5.4917483848847967e-02,
          1.4804607525613089e-01 ]
   - !!opencv-matrix
      rows: 3
      cols: 1
      dt: d
      data: [ -2.3569919550528354e-01, 2.3656123832315334e-01,
