%YAML:1.0
---
Calibrate_Accuracy: 3.1728342104389390e-01
Camera_Matrix: !!opencv-matrix
   rows: 3
   cols: 3
   dt: d
   data: [ 8.3839362920673830e+02, 0., 3.5116154666078882e+02, 0.,
       8.3117251518685532e+02, 2.7172270018341590e+02, 0., 0., 1. ]
Distortion_Coefficients: !!opencv-matrix
   rows: 5
   cols: 1
   dt: d
   data: [ -3.4415634928811112e-01, 1.8778476787149187e-01,
       -6.6147600677858229e-03, -3.0576650527501794e-03,
       -1.0641423649762805e-01 ]
Rotation_Vector:
   - !!opencv-matrix
      rows: 3
      cols: 1
      dt: d
      data: [ -2.8360338906058803e-02, -5.5185522971122565e-02,
          4.1664986841709592e-02 ]
   - !!opencv-matrix
      rows: 3
      cols: 1
      dt: d
      data: [ 5.4341895906085780e-01, -3.4932989384257174e-01,
          -3.6321602928929449e-02 ]
   - !!opencv-matrix
      rows: 3
      cols: 1
      dt: d
      data: [ 7.5295908620301844e-01, -3.6385898347738621e-01,
          1.6632734320942713e-01 ]
   - !!opencv-matrix
      rows: 3
      cols: 1
      dt: d
      data: [ -3.5870489884257101e-01, -1.0894286972099843e-02,
          -4.5513562553785199e-02 ]
   - !!opencv-matrix
      rows: 3
      cols: 1
      dt: d
      data: [ 3.4204314964972576e-01, -6.8037339952041997e-01,
          -4.2499138298190064e-01 ]
   - !!opencv-matrix
      rows: 3
      cols: 1
      dt: d
      data: [ 3.6659204771219472e-01, -7.2908158723664085e-01,
          -1.7998575849073703e-01 ]
   - !!opencv-matrix
      rows: 3
      cols: 1
      dt: d
      data: [ 6.1744929158744832e-01, -4.0627277509912130e-01,
          1.0006429266823852e-01 ]
   - !!opencv-matrix
      rows: 3
      cols: 1
      dt: d
      data: [ -1.1789240827585873e-01, 4.6609873646418598e-01,
          2.1427592073047591e-01 ]
   - !!opencv-matrix
      rows: 3
      cols: 1
      dt: d
      data: [ 2.1030463052256984e-01, -4.5683997984101882e-01,
          -1.4536308219784848e-02 ]
   - !!opencv-matrix
      rows: 3
      cols: 1
      dt: d
      data: [ 1.4903681606255584e-01, -3.1796830056250119e-01,
          -2.5139971391240246e-01 ]
   - !!opencv-matrix
      rows: 3
      cols: 1
      dt: d
      data: [ 4.4724117070125402e-01, 4.0203107968037505e-01,
          5.6827065239058983e-01 ]
   - !!opencv-matrix
      rows: 3
      cols: 1
      dt: d
      data: [ -5.7252188194867526e-01, -5.3457688234835703e-02,
          3.1461473655532057e-01 ]
   - !!opencv-matrix
      rows: 3
      cols: 1
      dt: d
      data: [ 6.7900811185723120e-01, -2.2790799997938438e-01,
          -3.1119355500008133e-02 ]
   - !!opencv-matrix
      rows: 3
      cols: 1
      dt: d
      data: [ 1.9410221125009886e-01, -5.1797212021644468e-01,
          -2.6528327141517200e-01 ]
   - !!opencv-matrix
      rows: 3
      cols: 1
      dt: d
      data: [ -4.5061626060234899e-01, -1.6996820724613318e-01,
          -3.2042849735562623e-01 ]
   - !!opencv-matrix
      rows: 3
      cols: 1
      dt: d
      data: [ -3.7989849865451830e-01, -3.7998428837281667e-01,
          3.1920730361844168e-01 ]
   - !!opencv-matrix
      rows: 3
      cols: 1
      dt: d
      data: [ -1.0999426883470020e-01, -6.6527558804329134e-01,
          7.2289615660256559e-02 ]
   - !!opencv-matrix
      rows: 3
      cols: 1
      dt: d
      data: [ 5.9261591105042710e-01, -2.5663575099160091e-01,
          -1.7509312775932741e-02 ]
   - !!opencv-matrix
      rows: 3
      cols: 1
      dt: d
      data: [ 5.5609248209226358e-01, 2.7285726004616673e-01,
          9.7791732375037646e-02 ]
   - !!opencv-matrix
      rows: 3
      cols: 1
      dt: d
      data: [ 6.4286737086591428e-01, -1.1115825002903275e-01,
          3.0287361542816094e-01 ]
   - !!opencv-matrix
      rows: 3
      cols: 1
      dt: d
      data: [ 7.2182474223056148e-01, -5.5848353769056991e-01,
          1.3209193409501984e-02 ]
   - !!opencv-matrix
      rows: 3
      cols: 1
      dt: d
      data: [ -3.3573816721901939e-01, -4.5351228237666247e-01,
          -5.6182514810515771e-01 ]
   - !!opencv-matrix
      rows: 3
      cols: 1
      dt: d
      data: [ -6.3701294559441091e-01, -2.9394617720749805e-01,
          -2.6180506589050656e-01 ]
   - !!opencv-matrix
      rows: 3
      cols: 1
      dt: d
      data: [ 7.8964429049919960e-02, -4.8639326610329436e-01,
          -3.2375406619959651e-01 ]
   - !!opencv-matrix
      rows: 3
      cols: 1
      dt: d
      data: [ 1.4706903814378439e-01, -2.2072468979441301e-01,
          1.4593680097872017e-01 ]
   - !!opencv-matrix
      rows: 3
      cols: 1
      dt: d
      data: [ -1.7130509985449727e-01, -2.3070664531409257e-01,
          -7.1173391851105994e-01 ]
   - !!opencv-matrix
      rows: 3
      cols: 1
      dt: d
      data: [ 5.7278639988902147e-01, -1.0785194341671625e-01,
          -6.3001421363681545e-02 ]
   - !!opencv-matrix
      rows: 3
      cols: 1
      dt: d
      data: [ 6.6312633097742335e-01, -2.8596058914851591e-01,
          2.7907917705219387e-01 ]
   - !!opencv-matrix
      rows: 3
      cols: 1
      dt: d
      data: [ 3.7057357166935134e-01, -6.2698534572266273e-01,
          -5.2871831213863872e-02 ]
   - !!opencv-matrix
      rows: 3
      cols: 1
      dt: d
      data: [ 5.8442159070159461e-01, -5.3245374074119467e-01,
          1.2677131727583169e-01 ]
   - !!opencv-matrix
      rows: 3
      cols: 1
      dt: d
      data: [ 2.5070521511682858e-01, -7.0323941990003269e-01,
          -3.7508064589145368e-01 ]
   - !!opencv-matrix
      rows: 3
      cols: 1
      dt: d
      data: [ 5.9333959086215005e-01, -4.7900658904165694e-01,
          -4.4856874147289449e-02 ]
   - !!opencv-matrix
      rows: 3
      cols: 1
      dt: d
      data: [ 5.0648248393434081e-01, -4.5062391012030234e-01,
          -1.7888734575526249e-01 ]
   - !!opencv-matrix
      rows: 3
      cols: 1
      dt: d
      data: [ 1.6855600139424054e-01, -6.3006636872664223e-01,
          -2.6026012765140272e-01 ]
   - !!opencv-matrix
      rows: 3
      cols: 1
      dt: d
      data: [ 6.0210480877553985e-01, -8.6065144046393441e-02,
          3.2992788582371751e-01 ]
   - !!opencv-matrix
      rows: 3
      cols: 1
      dt: d
      data: [ 4.9874132581934505e-01, 6.7862779083965249e-02,
          3.9334772544538255e-01 ]
   - !!opencv-matrix
      rows: 3
      cols: 1
      dt: d
      data: [ 6.1151406281850736e-02, -5.7797422587612624e-01,
          -3.1936409453297282e-01 ]
   - !!opencv-matrix
      rows: 3
      cols: 1
      dt: d
      data: [ 3.1197778756559036e-01, 3.6235756989466439e-01,
          -6.6465940153174904e-02 ]
   - !!opencv-matrix
      rows: 3
      cols: 1
      dt: d
      data: [ 2.3225057609713098e-01, 3.9009771888338229e-01,
          3.2417194939524513e-01 ]
   - !!opencv-matrix
      rows: 3
      cols: 1
      dt: d
      data: [ 1.8046956305120873e-01, -1.8388015018826301e-01,
          -4.5897271489050248e-02 ]
   - !!opencv-matrix
      rows: 3
      cols: 1
      dt: d
      data: [ 4.6652012487399841e-01, -2.2729331429149929e-01,
          -3.5456962821930599e-01 ]
   - !!opencv-matrix
      rows: 3
      cols: 1
      dt: d
      data: [ 6.4804275012388568e-01, -1.0651557201921004e-01,
          -7.5745039208656273e-02 ]
   - !!opencv-matrix
      rows: 3
      cols: 1
      dt: d
      data: [ 4.3333173759728305e-01, -4.1190200676985433e-01,
          1.3272011906034883e-02 ]
   - !!opencv-matrix
      rows: 3
      cols: 1
      dt: d
      data: [ 1.7633513063924275e-01, -3.3689728899049481e-01,
          -3.8491310361825076e-01 ]
   - !!opencv-matrix
      rows: 3
      cols: 1
      dt: d
      data: [ 1.2709241297300095e-01, -3.3972781026736981e-02,
          -1.0566846940372560e-01 ]
   - !!opencv-matrix
      rows: 3
      cols: 1
      dt: d
      data: [ 3.2862206405198817e-02, -1.0463408018439894e-01,
          3.1366606219420606e-01 ]
   - !!opencv-matrix
      rows: 3
      cols: 1
      dt: d
      data: [ 5.0538678578079665e-01, 7.8366700722782304e-02,
          1.7585257109672159e-01 ]
