%YAML:1.0
---
Calibrate_Accuracy: 4.6823754452094374e-01
Camera_Matrix: !!opencv-matrix
   rows: 3
   cols: 3
   dt: d
   data: [ 1.0323184360575754e+03, 0., 320., 0., 1.0323184360575754e+03,
       240., 0., 0., 1. ]
Distortion_Coefficients: !!opencv-matrix
   rows: 5
   cols: 1
   dt: d
   data: [ -3.0195242099798048e-01, -3.7342682824792178e-01, 0., 0.,
       6.7694146201890226e-01 ]
Rotation_Vector:
   - !!opencv-matrix
      rows: 3
      cols: 1
      dt: d
      data: [ 1.7700933670462712e-01, -7.8192453737947490e-02,
          -3.2969290331826870e-02 ]
   - !!opencv-matrix
      rows: 3
      cols: 1
      dt: d
      data: [ 3.8569496932813835e-02, -1.9552025175256244e-01,
          -3.5124484698529322e-02 ]
   - !!opencv-matrix
      rows: 3
      cols: 1
      dt: d
      data: [ 3.9429401908122760e-02, -1.2636495620198046e-01,
          -4.0490955893869772e-02 ]
   - !!opencv-matrix
      rows: 3
      cols: 1
      dt: d
      data: [ 1.0185543077055784e-01, -1.0490267864893257e-01,
          -2.3497019639505422e-02 ]
   - !!opencv-matrix
      rows: 3
      cols: 1
      dt: d
      data: [ 1.6032563581556766e-01, 8.1553655840434655e-02,
          -4.3092963855826324e-02 ]
   - !!opencv-matrix
      rows: 3
      cols: 1
      dt: d
      data: [ 1.9696675674883787e-01, 1.1262959157417925e-01,
          -2.3236461396460600e-02 ]
   - !!opencv-matrix
      rows: 3
      cols: 1
      dt: d
      data: [ 2.2257671267230467e-01, 1.5525114209010488e-01,
          -5.7321220177443795e-02 ]
   - !!opencv-matrix
      rows: 3
      cols: 1
      dt: d
      data: [ 2.1860119505671091e-01, 1.9834478731106819e-01,
          -3.3240175912095368e-02 ]
   - !!opencv-matrix
      rows: 3
      cols: 1
      dt: d
      data: [ 2.0851667732790241e-01, 1.7198419454657943e-01,
          -3.1658559369844907e-02 ]
   - !!opencv-matrix
      rows: 3
      cols: 1
      dt: d
      data: [ 1.9034867731931304e-01, -1.2718199798235699e-01,
          -3.2286245852090659e-03 ]
   - !!opencv-matrix
      rows: 3
      cols: 1
      dt: d
      data: [ 1.4196940768252236e-01, -2.3082408971848353e-01,
          -3.2645341281771739e-02 ]
   - !!opencv-matrix
      rows: 3
      cols: 1
      dt: d
      data: [ 6.4574854446887611e-02, -1.7067610563089095e-01,
          4.6799638771656382e-01 ]
   - !!opencv-matrix
      rows: 3
      cols: 1
      dt: d
      data: [ 9.9205239054403274e-02, -1.9827321520484573e-01,
          3.0349962532822300e-01 ]
   - !!opencv-matrix
      rows: 3
      cols: 1
      dt: d
      data: [ 1.3796372047261352e-01, -1.0905138580427663e-01,
          -3.8006369335158341e-01 ]
   - !!opencv-matrix
      rows: 3
      cols: 1
      dt: d
      data: [ 2.3800034282905991e-01, -4.9683393569516641e-02,
          3.9010660657062146e-01 ]
   - !!opencv-matrix
      rows: 3
      cols: 1
      dt: d
      data: [ 8.9868902670775866e-02, -5.2705055008064744e-02,
          -2.9205734483073115e-01 ]
   - !!opencv-matrix
      rows: 3
      cols: 1
      dt: d
      data: [ 2.3132668289367370e-01, 3.5281483499094261e-02,
          1.0448801852885814e-01 ]
   - !!opencv-matrix
      rows: 3
      cols: 1
      dt: d
      data: [ 1.8595267313463093e-01, 5.2822346549743471e-01,
          6.5274604076474410e-02 ]
   - !!opencv-matrix
      rows: 3
      cols: 1
      dt: d
      data: [ 2.7773988649868753e-01, -5.2101156285887784e-01,
          -1.2666801792835724e-02 ]
   - !!opencv-matrix
      rows: 3
      cols: 1
      dt: d
      data: [ 3.0749134265895944e-01, -5.1769369528168452e-01,
          5.4760884622789734e-03 ]
   - !!opencv-matrix
      rows: 3
      cols: 1
      dt: d
      data: [ 3.0240537741828699e-01, -4.9465338070086790e-01,
          -5.0846904124176015e-02 ]
   - !!opencv-matrix
      rows: 3
      cols: 1
      dt: d
      data: [ 3.1475626769668902e-01, -1.2968432909674990e-01,
          -3.0114110997175838e-02 ]
   - !!opencv-matrix
      rows: 3
      cols: 1
      dt: d
      data: [ 2.2079820672779921e-01, 4.3519558988090136e-03,
          5.9470324682192009e-02 ]
   - !!opencv-matrix
      rows: 3
      cols: 1
      dt: d
      data: [ 2.8749537455985102e-01, 7.9200545255733876e-02,
          1.1319911320107805e+00 ]
   - !!opencv-matrix
      rows: 3
      cols: 1
      dt: d
      data: [ 2.4796462180886419e-01, 1.3774161555061470e-01,
          1.5784565539379134e+00 ]
   - !!opencv-matrix
      rows: 3
      cols: 1
      dt: d
      data: [ -1.5968081706905158e-02, 7.1488321214791886e-02,
          1.6240565463358376e+00 ]
   - !!opencv-matrix
      rows: 3
      cols: 1
      dt: d
      data: [ 1.1984554873067464e-01, -1.6593443895787735e-01,
          -1.5191052068004609e+00 ]
   - !!opencv-matrix
      rows: 3
      cols: 1
      dt: d
      data: [ 3.5049760474015734e-01, -1.9384628474304916e-02,
          -1.6691779687635249e+00 ]
   - !!opencv-matrix
      rows: 3
      cols: 1
      dt: d
      data: [ 3.1781834243034385e-01, 6.6905428771787415e-02,
          -1.6031170342571395e+00 ]
   - !!opencv-matrix
      rows: 3
      cols: 1
      dt: d
      data: [ 3.6317819737668894e-01, 2.9081483042479588e-02,
          -1.6254141632455117e+00 ]
   - !!opencv-matrix
      rows: 3
      cols: 1
      dt: d
      data: [ 3.7679193169816205e-01, 9.3527213870560594e-02,
          -1.6058430708778495e+00 ]
   - !!opencv-matrix
      rows: 3
      cols: 1
      dt: d
      data: [ 4.2382432115739976e-01, 1.5441983166025069e-01,
          -1.5875954556069889e+00 ]
   - !!opencv-matrix
      rows: 3
      cols: 1
      dt: d
      data: [ 3.9243155044654876e-01, 1.2100519681157983e-01,
          -1.5935713976436492e+00 ]
   - !!opencv-matrix
      rows: 3
      cols: 1
      dt: d
      data: [ 1.3582265391062165e-01, 9.4765632755399350e-03,
          -4.2315892576435682e-01 ]
   - !!opencv-matrix
      rows: 3
      cols: 1
      dt: d
      data: [ -7.7216777970270947e-02, 1.2097871319568058e-01,
          7.4647445712039973e-01 ]
   - !!opencv-matrix
      rows: 3
      cols: 1
      dt: d
      data: [ -3.5675224804373004e-02, 1.1505697761014448e-01,
          8.3414049238590871e-01 ]
   - !!opencv-matrix
      rows: 3
      cols: 1
      dt: d
      data: [ 1.0942167034547735e-01, -6.3017470441879359e-02,
          2.8650120252879324e-01 ]
