%YAML:1.0
---
Calibrate_Accuracy: 7.5237093215192730e-01
Camera_Matrix: !!opencv-matrix
   rows: 3
   cols: 3
   dt: d
   data: [ 6.5089922042779608e+02, 0., 320., 0., 6.5089922042779608e+02,
       240., 0., 0., 1. ]
Distortion_Coefficients: !!opencv-matrix
   rows: 5
   cols: 1
   dt: d
   data: [ -3.8729205209304457e-01, 1.6698788329235270e-01, 0., 0.,
       -1.8751427693662427e-02 ]
Rotation_Vector:
   - !!opencv-matrix
      rows: 3
      cols: 1
      dt: d
      data: [ 8.9911206723371384e-02, 2.8078833612983262e-01,
          -1.8078157146537954e-01 ]
   - !!opencv-matrix
      rows: 3
      cols: 1
      dt: d
      data: [ 4.6719730089013728e-02, 2.4547613178758637e-01,
          -1.6616934838901729e-01 ]
   - !!opencv-matrix
      rows: 3
      cols: 1
      dt: d
      data: [ 8.1385977653364486e-02, 2.4334485988573507e-01,
          -1.5611749941979719e-01 ]
   - !!opencv-matrix
      rows: 3
      cols: 1
      dt: d
      data: [ 1.0551450947181340e-01, 2.4369447902471456e-01,
          -1.6812739945265273e-01 ]
   - !!opencv-matrix
      rows: 3
      cols: 1
      dt: d
      data: [ 1.0571434302146226e-01, 2.2920698894659630e-01,
          -1.6572132931534458e-01 ]
   - !!opencv-matrix
      rows: 3
      cols: 1
      dt: d
      data: [ 1.0712732858683580e-01, 2.4105866320998412e-01,
          -1.5338713469112442e-01 ]
   - !!opencv-matrix
      rows: 3
      cols: 1
      dt: d
      data: [ 2.4883485510804666e-02, 2.1098911240424659e-01,
          -1.9041343792928744e-01 ]
   - !!opencv-matrix
      rows: 3
      cols: 1
      dt: d
      data: [ 9.9121963666875534e-02, 1.4897936271182771e-01,
          -1.1951140558436531e-01 ]
   - !!opencv-matrix
      rows: 3
      cols: 1
      dt: d
      data: [ 2.1817747563139206e-01, 2.1500755059164753e-01,
          2.9966997621496971e-01 ]
   - !!opencv-matrix
      rows: 3
      cols: 1
      dt: d
      data: [ 6.2365633098169893e-02, 1.8810290753963746e-01,
          -5.8522600437004735e-01 ]
   - !!opencv-matrix
      rows: 3
      cols: 1
      dt: d
      data: [ 1.4906119249105476e-01, 3.0002428550875487e-01,
          -1.4049850517430551e-01 ]
   - !!opencv-matrix
      rows: 3
      cols: 1
      dt: d
      data: [ 1.8911294478649354e-01, 2.9011436637617605e-01,
          1.9721595762069616e-01 ]
   - !!opencv-matrix
      rows: 3
      cols: 1
      dt: d
      data: [ 1.1336007580192828e-01, 1.9666109058566053e-01,
          -6.1261759288430861e-01 ]
   - !!opencv-matrix
      rows: 3
      cols: 1
      dt: d
      data: [ 2.6432530816708244e-01, 3.3325385693530440e-01,
          1.7438352068010401e-01 ]
   - !!opencv-matrix
      rows: 3
      cols: 1
      dt: d
      data: [ 1.5679566647861803e-01, 1.5698906216111291e-01,
          -1.5810523359345546e-01 ]
   - !!opencv-matrix
      rows: 3
      cols: 1
      dt: d
      data: [ 5.2982445933128973e-02, 1.9470329665798056e-01,
          -1.3779005784374662e-01 ]
   - !!opencv-matrix
      rows: 3
      cols: 1
      dt: d
      data: [ 1.0954429274793714e-01, 1.4514976894042528e-01,
          -1.1726995344823032e-01 ]
   - !!opencv-matrix
      rows: 3
      cols: 1
      dt: d
      data: [ 4.7764554510194825e-02, 2.2111765695430155e-01,
          -1.3632430237586698e-01 ]
   - !!opencv-matrix
      rows: 3
      cols: 1
      dt: d
      data: [ 9.3199455381076754e-02, 2.1179051444277155e-01,
          -1.0276474440693589e-01 ]
   - !!opencv-matrix
      rows: 3
      cols: 1
      dt: d
      data: [ 1.1309329586742219e-01, 2.1539468400750611e-01,
          -6.4425389022511076e-02 ]
   - !!opencv-matrix
      rows: 3
      cols: 1
      dt: d
      data: [ 1.4225092052217442e-01, 2.2094345386746006e-01,
          -9.0743138999575701e-02 ]
   - !!opencv-matrix
      rows: 3
      cols: 1
      dt: d
      data: [ 1.2823462627627380e-01, 2.0796035074774846e-01,
          -1.8433041508872755e-01 ]
   - !!opencv-matrix
      rows: 3
      cols: 1
      dt: d
      data: [ 9.5638112886510890e-02, 1.8811247007751480e-01,
          -1.3596611666860470e-01 ]
   - !!opencv-matrix
      rows: 3
      cols: 1
      dt: d
      data: [ 1.1454536947402322e-01, 2.1311248673501718e-01,
          -7.3269168086745162e-02 ]
   - !!opencv-matrix
      rows: 3
      cols: 1
      dt: d
      data: [ 1.8314705072020404e-01, 2.2377871690404730e-01,
          -6.5433044758606632e-02 ]
   - !!opencv-matrix
      rows: 3
      cols: 1
      dt: d
      data: [ 1.2984603192286345e-01, 2.2393837850219159e-01,
          -8.3785699876403857e-02 ]
   - !!opencv-matrix
      rows: 3
      cols: 1
      dt: d
      data: [ 9.0637760118817565e-02, 1.8785149475595642e-01,
          -1.4950152863648902e-01 ]
   - !!opencv-matrix
      rows: 3
      cols: 1
      dt: d
      data: [ 1.0371509496933178e-01, 1.1031066539262185e-01,
          -8.8121182778138629e-02 ]
   - !!opencv-matrix
      rows: 3
      cols: 1
      dt: d
      data: [ 1.7740619581352546e-01, 1.3507651856283773e-01,
          -5.6378659828921873e-02 ]
   - !!opencv-matrix
      rows: 3
      cols: 1
      dt: d
      data: [ 1.9184497124276542e-01, 1.2463216054983060e-01,
          -6.7874639542072734e-02 ]
   - !!opencv-matrix
      rows: 3
      cols: 1
      dt: d
      data: [ 2.3254250296273815e-01, 1.4075359837657142e-01,
          -5.4097252447671884e-02 ]
   - !!opencv-matrix
      rows: 3
      cols: 1
      dt: d
      data: [ 1.3546759550497969e-01, 1.3088985038440806e-01,
          -1.1911089095346752e-01 ]
   - !!opencv-matrix
      rows: 3
      cols: 1
      dt: d
      data: [ 8.6073395099926217e-02, 1.7190353603560912e-01,
          -1.2651727329967474e-01 ]
   - !!opencv-matrix
      rows: 3
      cols: 1
      dt: d
      data: [ 8.0724156519991083e-02, 1.3581109265391059e-01,
          -1.1535503588373776e-01 ]
   - !!opencv-matrix
      rows: 3
      cols: 1
      dt: d
      data: [ 1.4855901660411888e-01, 1.5884548104349855e-01,
          -1.5617588678167502e-01 ]
