%YAML:1.0
---
Calibrate_Accuracy: 6.9122446503468549e-01
Camera_Matrix: !!opencv-matrix
   rows: 3
   cols: 3
   dt: d
   data: [ 4.5394244441657486e+02, 0., 320., 0., 4.5394244441657486e+02,
       180., 0., 0., 1. ]
Distortion_Coefficients: !!opencv-matrix
   rows: 5
   cols: 1
   dt: d
   data: [ 8.3171370031164302e-02, -5.6271934805979695e-01, 0., 0.,
       8.5529644126012205e-01 ]
Rotation_Vector:
   - !!opencv-matrix
      rows: 3
      cols: 1
      dt: d
      data: [ 3.5001650622371866e-01, 2.1086506140377695e-01,
          -3.0773314991348735e+00 ]
   - !!opencv-matrix
      rows: 3
      cols: 1
      dt: d
      data: [ -1.5315497803255176e-01, 2.6759405141715698e-02,
          3.0929187707834904e+00 ]
   - !!opencv-matrix
      rows: 3
      cols: 1
      dt: d
      data: [ -1.3663135255932457e-01, 2.4923599359616282e-02,
          3.1264022610431099e+00 ]
   - !!opencv-matrix
      rows: 3
      cols: 1
      dt: d
      data: [ -2.0210423254388155e-01, -2.3309363549716237e-02,
          3.1267702966736763e+00 ]
   - !!opencv-matrix
      rows: 3
      cols: 1
      dt: d
      data: [ -2.7963078209430081e-01, 7.3843665333689313e-03,
          3.1150309194893167e+00 ]
   - !!opencv-matrix
      rows: 3
      cols: 1
      dt: d
      data: [ -3.1144811022130325e-01, 1.0696887699352661e-02,
          3.0886760768074097e+00 ]
   - !!opencv-matrix
      rows: 3
      cols: 1
      dt: d
      data: [ -2.6595417862925641e-01, -8.3641694671585439e-03,
          3.0853819391131161e+00 ]
   - !!opencv-matrix
      rows: 3
      cols: 1
      dt: d
      data: [ 2.4259915736407051e-01, 7.5212915960878410e-02,
          -3.0820757037493771e+00 ]
   - !!opencv-matrix
      rows: 3
      cols: 1
      dt: d
      data: [ -3.0620440648082969e-01, 1.7764496358998039e-01,
          3.0940322051400870e+00 ]
   - !!opencv-matrix
      rows: 3
      cols: 1
      dt: d
      data: [ 1.8474115675174321e-01, -8.8008092259196757e-02,
          -3.1377248691868682e+00 ]
   - !!opencv-matrix
      rows: 3
      cols: 1
      dt: d
      data: [ 7.4990265648322896e-02, -6.4387921856259231e-02,
          -3.1322512543332452e+00 ]
   - !!opencv-matrix
      rows: 3
      cols: 1
      dt: d
      data: [ -3.3622489657652237e-02, 2.0942470530706778e-01,
          -3.1067184440713680e+00 ]
   - !!opencv-matrix
      rows: 3
      cols: 1
      dt: d
      data: [ -1.4721083424626646e-01, -1.3443173118620633e-01,
          3.1267188017599716e+00 ]
   - !!opencv-matrix
      rows: 3
      cols: 1
      dt: d
      data: [ 1.5108109909025141e-01, 1.1329596017211022e-01,
          -3.1011146833162440e+00 ]
   - !!opencv-matrix
      rows: 3
      cols: 1
      dt: d
      data: [ -8.8048104392481064e-02, 9.0805786446076953e-02,
          3.1136475704102513e+00 ]
   - !!opencv-matrix
      rows: 3
      cols: 1
      dt: d
      data: [ 3.2675413091588251e-01, 8.8652183926691275e-02,
          -3.1019938233734825e+00 ]
   - !!opencv-matrix
      rows: 3
      cols: 1
      dt: d
      data: [ -1.9601754985563444e-01, -7.8006476221945217e-02,
          3.1217056272246153e+00 ]
   - !!opencv-matrix
      rows: 3
      cols: 1
      dt: d
      data: [ -4.1793191633749449e-01, 2.7265251002045522e-03,
          3.1169534602127573e+00 ]
   - !!opencv-matrix
      rows: 3
      cols: 1
      dt: d
      data: [ -4.9917233413523565e-01, -2.2387346651997223e-01,
          3.0424783800531414e+00 ]
   - !!opencv-matrix
      rows: 3
      cols: 1
      dt: d
      data: [ -4.7892236330925830e-01, 1.5795764743552534e-01,
          -3.0170751611981195e+00 ]
   - !!opencv-matrix
      rows: 3
      cols: 1
      dt: d
      data: [ -9.4504436078708742e-01, 5.1735499949785123e-06,
          -2.7868674206326838e+00 ]
   - !!opencv-matrix
      rows: 3
      cols: 1
      dt: d
      data: [ -1.3339089896799909e+00, -1.1191918468140317e-02,
          -2.6950240454909409e+00 ]
   - !!opencv-matrix
      rows: 3
      cols: 1
      dt: d
      data: [ -8.0877157204479910e-01, -7.4518110405634068e-03,
          -2.8771944696462817e+00 ]
   - !!opencv-matrix
      rows: 3
      cols: 1
      dt: d
      data: [ 3.1310892495723447e-01, 1.2814200628171443e-01,
          -3.0449110816526481e+00 ]
   - !!opencv-matrix
      rows: 3
      cols: 1
      dt: d
      data: [ 8.8157382501022430e-01, 3.2641102122104199e-01,
          -2.8621829614517793e+00 ]
   - !!opencv-matrix
      rows: 3
      cols: 1
      dt: d
      data: [ 3.6887191374155215e-01, 5.2992448255473779e-01,
          -2.3892001195988213e+00 ]
   - !!opencv-matrix
      rows: 3
      cols: 1
      dt: d
      data: [ 3.7161818279258063e-01, 3.9105330847312042e-01,
          -2.5983690689776990e+00 ]
   - !!opencv-matrix
      rows: 3
      cols: 1
      dt: d
      data: [ -4.2139230567673974e-01, -2.4915024812427061e-01,
          2.2810540432687794e+00 ]
   - !!opencv-matrix
      rows: 3
      cols: 1
      dt: d
      data: [ 8.1916021239913539e-02, 1.6836329549419737e-01,
          -3.1201710202319237e+00 ]
   - !!opencv-matrix
      rows: 3
      cols: 1
      dt: d
      data: [ 1.0609687218629808e-01, 2.8479471767204273e-01,
          -3.1223695410672883e+00 ]
   - !!opencv-matrix
      rows: 3
      cols: 1
      dt: d
      data: [ -8.3857866773811671e-02, 3.3725526605747774e-01,
          -3.0825905950132491e+00 ]
   - !!opencv-matrix
      rows: 3
      cols: 1
      dt: d
      data: [ -2.8308665223016394e-01, -2.2591474978278567e-01,
          2.1745034689624969e+00 ]
   - !!opencv-matrix
      rows: 3
      cols: 1
      dt: d
      data: [ -1.9489746281829304e-01, -2.0998119916099950e-01,
          1.4878158544958100e+00 ]
   - !!opencv-matrix
      rows: 3
      cols: 1
      dt: d
      data: [ -2.3441430927827211e-01, 5.3698686900253902e-02,
          1.9119064695589318e+00 ]
   - !!opencv-matrix
      rows: 3
      cols: 1
      dt: d
      data: [ 8.3243306733314856e-03, 2.2869712623146500e-02,
          -2.3428077297551506e+00 ]
   - !!opencv-matrix
      rows: 3
      cols: 1
      dt: d
      data: [ -6.6937887677171279e-02, 2.1466202316260521e-02,
          -1.8117239490018462e+00 ]
   - !!opencv-matrix
      rows: 3
      cols: 1
      dt: d
      data: [ -1.4901602828876644e-02, -8.2691111089687921e-02,
          -1.5532578382761897e+00 ]
   - !!opencv-matrix
      rows: 3
      cols: 1
      dt: d
      data: [ 1.0301621506163601e-01, 1.0331977280289942e-01,
          -2.8402130594107846e+00 ]
   - !!opencv-matrix
      rows: 3
      cols: 1
      dt: d
      data: [ 2.4196994371654323e-01, 1.6693346980680057e-01,
          -3.1274539123416081e+00 ]
   - !!opencv-matrix
      rows: 3
      cols: 1
      dt: d
      data: [ -2.8883061176053848e-01, -1.6662317638643759e-01,
          3.1157097596182637e+00 ]
