%YAML:1.0
---
Calibrate_Accuracy: 5.7242561974680950e-01
Camera_Matrix: !!opencv-matrix
   rows: 3
   cols: 3
   dt: d
   data: [ 5.0644665639501977e+02, 0., 320., 0., 5.0644665639501977e+02,
       180., 0., 0., 1. ]
Distortion_Coefficients: !!opencv-matrix
   rows: 5
   cols: 1
   dt: d
   data: [ 2.5538396516471640e-01, -1.1136307173249254e+00, 0., 0.,
       2.0473103119784106e+00 ]
Rotation_Vector:
   - !!opencv-matrix
      rows: 3
      cols: 1
      dt: d
      data: [ 2.9758550639471948e-01, -1.2640646216042639e-01,
          1.6147006760984390e+00 ]
   - !!opencv-matrix
      rows: 3
      cols: 1
      dt: d
      data: [ 1.7466824705358491e-01, -9.6687512517942040e-02,
          1.5530474363089934e+00 ]
   - !!opencv-matrix
      rows: 3
      cols: 1
      dt: d
      data: [ 1.4372751300550229e-01, -1.5859686224432282e-01,
          1.5521260931465806e+00 ]
   - !!opencv-matrix
      rows: 3
      cols: 1
      dt: d
      data: [ 6.0702510308980093e-02, -1.4202091003073758e-01,
          1.5357333642234701e+00 ]
   - !!opencv-matrix
      rows: 3
      cols: 1
      dt: d
      data: [ 5.0041903341510756e-02, -1.7185044711679290e-01,
          1.5307291152338851e+00 ]
   - !!opencv-matrix
      rows: 3
      cols: 1
      dt: d
      data: [ 3.1572168689200736e-02, -1.6242279222408329e-01,
          1.5968056602941469e+00 ]
   - !!opencv-matrix
      rows: 3
      cols: 1
      dt: d
      data: [ 6.6759814167874285e-02, -1.6958812771692802e-01,
          1.5882278944428043e+00 ]
   - !!opencv-matrix
      rows: 3
      cols: 1
      dt: d
      data: [ 5.3041742520440766e-03, -2.4290854520390814e-01,
          1.4724267995627784e+00 ]
   - !!opencv-matrix
      rows: 3
      cols: 1
      dt: d
      data: [ 6.8130050251913224e-02, -1.3714772155544913e-01,
          1.8100205159508911e+00 ]
   - !!opencv-matrix
      rows: 3
      cols: 1
      dt: d
      data: [ -4.0184297270872874e-02, -1.5820097874003436e-01,
          1.5273818984293765e+00 ]
   - !!opencv-matrix
      rows: 3
      cols: 1
      dt: d
      data: [ 5.4570015044874333e-02, -2.8362579390057829e-01,
          1.5407959596072489e+00 ]
   - !!opencv-matrix
      rows: 3
      cols: 1
      dt: d
      data: [ 3.1917481859707629e-02, -1.3801258602176153e-02,
          2.2291294161993149e+00 ]
   - !!opencv-matrix
      rows: 3
      cols: 1
      dt: d
      data: [ -1.7389913648347698e-02, 7.2691687254309093e-04,
          2.2450607650128371e+00 ]
   - !!opencv-matrix
      rows: 3
      cols: 1
      dt: d
      data: [ 7.0604248130104200e-02, -2.4674629525363084e-01,
          1.5165632246309833e+00 ]
   - !!opencv-matrix
      rows: 3
      cols: 1
      dt: d
      data: [ 5.3334057404317022e-02, -2.2956288470521161e-01,
          1.5580912385736023e+00 ]
   - !!opencv-matrix
      rows: 3
      cols: 1
      dt: d
      data: [ 4.6389414061261271e-02, -1.6310673883663243e-01,
          1.1140127421671355e+00 ]
   - !!opencv-matrix
      rows: 3
      cols: 1
      dt: d
      data: [ 7.7018845754336485e-02, -1.8888971377971914e-01,
          9.4839872570916262e-01 ]
   - !!opencv-matrix
      rows: 3
      cols: 1
      dt: d
      data: [ 7.7451626378790897e-02, -1.5144794419816954e-01,
          1.0562947757482735e+00 ]
   - !!opencv-matrix
      rows: 3
      cols: 1
      dt: d
      data: [ 2.3525681225546655e-01, -1.0753990284437899e-01,
          1.9869693908804000e+00 ]
   - !!opencv-matrix
      rows: 3
      cols: 1
      dt: d
      data: [ 2.6281684488867041e-01, -9.4970473941706338e-02,
          2.0165431589262015e+00 ]
   - !!opencv-matrix
      rows: 3
      cols: 1
      dt: d
      data: [ 4.4946590229746003e-01, 2.7608818404294605e-01,
          1.8789501300633129e+00 ]
   - !!opencv-matrix
      rows: 3
      cols: 1
      dt: d
      data: [ 3.3872787318323150e-01, 4.2598331638468345e-01,
          1.7810153269288431e+00 ]
   - !!opencv-matrix
      rows: 3
      cols: 1
      dt: d
      data: [ 4.8020643373347860e-01, 4.0950956834446933e-01,
          1.6559266516369078e+00 ]
   - !!opencv-matrix
      rows: 3
      cols: 1
      dt: d
      data: [ 3.1998636005538217e-01, 2.3680896568954177e-01,
          1.6163368144913064e+00 ]
   - !!opencv-matrix
      rows: 3
      cols: 1
      dt: d
      data: [ -1.0312903778702064e-01, -1.2803915137579530e-01,
          1.5401834953318896e+00 ]
   - !!opencv-matrix
      rows: 3
      cols: 1
      dt: d
      data: [ -1.7236933042971214e-01, -3.4810471185326741e-01,
          1.5100503493711439e+00 ]
   - !!opencv-matrix
      rows: 3
      cols: 1
      dt: d
      data: [ -1.6541160529519303e-01, -3.6406863664443234e-01,
          1.5010752408317978e+00 ]
   - !!opencv-matrix
      rows: 3
      cols: 1
      dt: d
      data: [ -1.6526899603296138e-01, -2.9781804630407860e-01,
          1.5163299356630244e+00 ]
   - !!opencv-matrix
      rows: 3
      cols: 1
      dt: d
      data: [ -1.6614151712067532e-01, -2.2853387295076846e-01,
          1.5374991496205113e+00 ]
   - !!opencv-matrix
      rows: 3
      cols: 1
      dt: d
      data: [ -1.0769149553027595e-01, -3.6181042281199322e-01,
          1.5242956405835857e+00 ]
   - !!opencv-matrix
      rows: 3
      cols: 1
      dt: d
      data: [ -2.8985978005314372e-01, -5.1445671358596123e-01,
          1.4439373946319560e+00 ]
   - !!opencv-matrix
      rows: 3
      cols: 1
      dt: d
      data: [ -2.6673978414869809e-01, -5.1599691575844453e-01,
          1.4547167892293029e+00 ]
   - !!opencv-matrix
      rows: 3
      cols: 1
      dt: d
      data: [ -5.1007899128707465e-03, -3.5283874140094179e-01,
          1.5339458899128122e+00 ]
   - !!opencv-matrix
      rows: 3
      cols: 1
      dt: d
      data: [ 4.4890678572478115e-01, 1.3726916718357751e-01,
          1.6855067906500101e+00 ]
   - !!opencv-matrix
      rows: 3
      cols: 1
      dt: d
      data: [ -1.6567246633380567e-02, -5.5351538596836065e-02,
          1.7563319209500718e+00 ]
   - !!opencv-matrix
      rows: 3
      cols: 1
      dt: d
      data: [ -1.2616913396027835e-01, 5.2771149698857621e-02,
          1.7281042422028698e+00 ]
