%YAML:1.0
---
Calibrate_Accuracy: 4.2886815716182536e-01
Camera_Matrix: !!opencv-matrix
   rows: 3
   cols: 3
   dt: d
   data: [ 1.0177433247056816e+03, 0., 320., 0., 1.0177433247056816e+03,
       240., 0., 0., 1. ]
Distortion_Coefficients: !!opencv-matrix
   rows: 5
   cols: 1
   dt: d
   data: [ -4.4568819546944266e-01, 1.2489296358381847e+00, 0., 0.,
       -3.3087344812935222e+00 ]
Rotation_Vector:
   - !!opencv-matrix
      rows: 3
      cols: 1
      dt: d
      data: [ -1.7112594454684646e-01, 3.0413725004957627e-02,
          1.5420736748726134e+00 ]
   - !!opencv-matrix
      rows: 3
      cols: 1
      dt: d
      data: [ 1.6346802130361485e-01, -1.9594553006022952e-01,
          1.5405894052641311e+00 ]
   - !!opencv-matrix
      rows: 3
      cols: 1
      dt: d
      data: [ 1.5634409519402073e-01, -2.1922485531244312e-01,
          1.5433379806024028e+00 ]
   - !!opencv-matrix
      rows: 3
      cols: 1
      dt: d
      data: [ 1.9099014512892112e-01, -2.3067351812032738e-01,
          1.5495312013372613e+00 ]
   - !!opencv-matrix
      rows: 3
      cols: 1
      dt: d
      data: [ 1.6258171235884622e-01, -2.1056423249888157e-01,
          1.5180277097576744e+00 ]
   - !!opencv-matrix
      rows: 3
      cols: 1
      dt: d
      data: [ 1.8229868673283992e-01, -2.0787398246472732e-01,
          1.5253382162183269e+00 ]
   - !!opencv-matrix
      rows: 3
      cols: 1
      dt: d
      data: [ 2.0948760036481226e-01, -2.9591701321334873e-01,
          1.4953204741151180e+00 ]
   - !!opencv-matrix
      rows: 3
      cols: 1
      dt: d
      data: [ 4.0889796196690997e-01, -7.6872607492727715e-02,
          1.5260464644025160e+00 ]
   - !!opencv-matrix
      rows: 3
      cols: 1
      dt: d
      data: [ 3.7236805271458773e-01, -8.9055137511499100e-02,
          1.5678316645650974e+00 ]
   - !!opencv-matrix
      rows: 3
      cols: 1
      dt: d
      data: [ 6.7249424357662324e-01, 1.3194551949687636e-01,
          1.5263150953103726e+00 ]
   - !!opencv-matrix
      rows: 3
      cols: 1
      dt: d
      data: [ 6.4226454629882179e-01, 8.7597212473555577e-02,
          1.5131495801122776e+00 ]
   - !!opencv-matrix
      rows: 3
      cols: 1
      dt: d
      data: [ 1.0706982688030103e-01, -4.9176542405793894e-01,
          1.5079961961823085e+00 ]
   - !!opencv-matrix
      rows: 3
      cols: 1
      dt: d
      data: [ 3.3698015299768347e-01, -4.1861539320991938e-02,
          1.5688507852587055e+00 ]
   - !!opencv-matrix
      rows: 3
      cols: 1
      dt: d
      data: [ -4.4592843847035324e-02, -3.8949070436317385e-01,
          1.3885297921010800e+00 ]
   - !!opencv-matrix
      rows: 3
      cols: 1
      dt: d
      data: [ -2.7557852596428406e-01, -2.8490121648804806e-01,
          1.4365319461634714e+00 ]
   - !!opencv-matrix
      rows: 3
      cols: 1
      dt: d
      data: [ -4.3999232221035134e-01, -6.4049746565861276e-01,
          1.4768524819384350e+00 ]
   - !!opencv-matrix
      rows: 3
      cols: 1
      dt: d
      data: [ -2.4956435467812371e-01, -6.2044945653135020e-01,
          1.4737934325130486e+00 ]
   - !!opencv-matrix
      rows: 3
      cols: 1
      dt: d
      data: [ -1.5938245712682023e-01, -5.6363692448212577e-01,
          1.4652547543597645e+00 ]
   - !!opencv-matrix
      rows: 3
      cols: 1
      dt: d
      data: [ 1.4697645125949221e-01, -2.0111255091128866e-01,
          1.5160236942456848e+00 ]
   - !!opencv-matrix
      rows: 3
      cols: 1
      dt: d
      data: [ 3.3557376863337834e-01, -2.0582394705190177e-01,
          2.5460152955522810e+00 ]
   - !!opencv-matrix
      rows: 3
      cols: 1
      dt: d
      data: [ 2.2664972977198500e-01, -3.3772405345123280e-01,
          3.0816366167234688e+00 ]
   - !!opencv-matrix
      rows: 3
      cols: 1
      dt: d
      data: [ 8.8005285510074222e-02, -2.8080144592049133e-01,
          6.2000632302525727e-01 ]
   - !!opencv-matrix
      rows: 3
      cols: 1
      dt: d
      data: [ 6.7741642663069548e-02, -2.0639331193593488e-01,
          2.2376708028985386e-02 ]
   - !!opencv-matrix
      rows: 3
      cols: 1
      dt: d
      data: [ 9.7884334830399031e-02, 5.3060059556928892e-02,
          2.2851009611572443e-01 ]
   - !!opencv-matrix
      rows: 3
      cols: 1
      dt: d
      data: [ -5.5928688380264623e-02, -1.3780204141891701e-02,
          1.4575436982292285e+00 ]
   - !!opencv-matrix
      rows: 3
      cols: 1
      dt: d
      data: [ 2.1654331328966145e-01, -2.8509679157390561e-01,
          1.4625756407726549e+00 ]
   - !!opencv-matrix
      rows: 3
      cols: 1
      dt: d
      data: [ 2.0913717246219674e-01, -2.8213977796847700e-01,
          1.4355582505577418e+00 ]
   - !!opencv-matrix
      rows: 3
      cols: 1
      dt: d
      data: [ 2.5039032447473852e-01, -3.5622658372601979e-01,
          1.6099974979126901e+00 ]
   - !!opencv-matrix
      rows: 3
      cols: 1
      dt: d
      data: [ 1.7119517085629865e-01, -1.0212227326391672e-01,
          2.2218958347837559e+00 ]
   - !!opencv-matrix
      rows: 3
      cols: 1
      dt: d
      data: [ 1.7507398754151587e-01, -9.4870820986844032e-02,
          2.3045315091879739e+00 ]
   - !!opencv-matrix
      rows: 3
      cols: 1
      dt: d
      data: [ 1.7478195156602438e-01, -2.6696964099238712e-01,
          1.6599144794585967e+00 ]
