%YAML:1.0
---
Calibrate_Accuracy: 3.3854319246722464e-01
Camera_Matrix: !!opencv-matrix
   rows: 3
   cols: 3
   dt: d
   data: [ 5.8586706594239547e+02, 0., 320., 0., 5.8586706594239547e+02,
       240., 0., 0., 1. ]
Distortion_Coefficients: !!opencv-matrix
   rows: 5
   cols: 1
   dt: d
   data: [ -2.0725073310207811e-02, 3.0063382694764818e-01, 0., 0.,
       -1.1257025359082420e+00 ]
Rotation_Vector:
   - !!opencv-matrix
      rows: 3
      cols: 1
      dt: d
      data: [ -1.2104363230800186e-01, -2.3583496643694279e-01,
          -4.4989060765530879e-02 ]
   - !!opencv-matrix
      rows: 3
      cols: 1
      dt: d
      data: [ 1.3570905843653787e-02, -3.3085202456232610e-01,
          -3.0409395609462639e-02 ]
   - !!opencv-matrix
      rows: 3
      cols: 1
      dt: d
      data: [ 1.7863113504590480e-01, 9.3023739744970857e-02,
          1.5863142441570574e-01 ]
   - !!opencv-matrix
      rows: 3
      cols: 1
      dt: d
      data: [ -2.0603522765368903e-02, 2.0886160823045699e-01,
          -5.5223035847107492e-02 ]
   - !!opencv-matrix
      rows: 3
      cols: 1
      dt: d
      data: [ 4.9469150430081078e-02, -3.7327565577748623e-01,
          -1.8655604581434587e-01 ]
   - !!opencv-matrix
      rows: 3
      cols: 1
      dt: d
      data: [ 1.9088704216957625e-01, 2.1171301061123984e-01,
          1.7618009306675148e-02 ]
   - !!opencv-matrix
      rows: 3
      cols: 1
      dt: d
      data: [ -3.1693926019472247e-02, -2.7867636860596845e-01,
          -2.4194838551272238e-01 ]
   - !!opencv-matrix
      rows: 3
      cols: 1
      dt: d
      data: [ 9.8510280299644995e-02, 1.6622912921183738e-01,
          1.2075803068329216e-01 ]
   - !!opencv-matrix
      rows: 3
      cols: 1
      dt: d
      data: [ 1.3397329211155259e-01, -1.6830997914956602e-01,
          7.2322065530618415e-02 ]
   - !!opencv-matrix
      rows: 3
      cols: 1
      dt: d
      data: [ 1.1418638129832435e-01, -4.6836305740158335e-01,
          -5.5078309976451169e-02 ]
   - !!opencv-matrix
      rows: 3
      cols: 1
      dt: d
      data: [ -4.6833556846925674e-02, -1.3573127510671171e-01,
          -7.9819652869893759e-02 ]
   - !!opencv-matrix
      rows: 3
      cols: 1
      dt: d
      data: [ -3.6340785754858211e-02, 1.9654883485470007e-01,
          -4.1000977854724452e-02 ]
   - !!opencv-matrix
      rows: 3
      cols: 1
      dt: d
      data: [ 8.0991285652350878e-02, 1.1666076455071248e-01,
          1.0028581150461309e-01 ]
   - !!opencv-matrix
      rows: 3
      cols: 1
      dt: d
      data: [ -6.0893696145370678e-02, -3.2863082451673453e-01,
          -7.0367776828079112e-02 ]
   - !!opencv-matrix
      rows: 3
      cols: 1
      dt: d
      data: [ 5.9138652693278712e-02, 2.2616913722390483e-01,
          7.4816437346656661e-02 ]
   - !!opencv-matrix
      rows: 3
      cols: 1
      dt: d
      data: [ 5.5937042994457987e-02, 3.3886082359711328e-02,
          1.0583290315573228e-01 ]
   - !!opencv-matrix
      rows: 3
      cols: 1
      dt: d
      data: [ -1.0467085216906664e-02, -2.4657112310422991e-01,
          1.0313905076703652e-03 ]
   - !!opencv-matrix
      rows: 3
      cols: 1
      dt: d
      data: [ 6.2495352399658595e-02, -2.8236691244014800e-01,
          -1.4988636222955862e-01 ]
   - !!opencv-matrix
      rows: 3
      cols: 1
      dt: d
      data: [ 1.9738059585865686e-01, -8.5912014809306700e-03,
          -1.3555958835940443e-01 ]
   - !!opencv-matrix
      rows: 3
      cols: 1
      dt: d
      data: [ 1.5827509506896389e-01, -1.7489667435090694e-01,
          1.7463993370840392e-01 ]
   - !!opencv-matrix
      rows: 3
      cols: 1
      dt: d
      data: [ 4.4004729946527529e-02, -1.5780357418230606e-01,
          6.4590621503777068e-01 ]
   - !!opencv-matrix
      rows: 3
      cols: 1
      dt: d
      data: [ -1.3609227100792717e-03, -1.2519161937383577e-01,
          1.1839887544858996e+00 ]
   - !!opencv-matrix
      rows: 3
      cols: 1
      dt: d
      data: [ 2.9551142898635524e-01, -2.6880988642923698e-01,
          -1.1289261726525603e+00 ]
   - !!opencv-matrix
      rows: 3
      cols: 1
      dt: d
      data: [ 3.3319029914233828e-02, 5.4925707428404379e-02,
          -1.6959882794283929e+00 ]
   - !!opencv-matrix
      rows: 3
      cols: 1
      dt: d
      data: [ 1.8994120020364424e-01, 3.2618034888790531e-02,
          -1.9751567285731115e+00 ]
   - !!opencv-matrix
      rows: 3
      cols: 1
      dt: d
      data: [ -3.1967870378907715e-01, -1.3050131021998260e-01,
          -2.6940563751578456e-01 ]
   - !!opencv-matrix
      rows: 3
      cols: 1
      dt: d
      data: [ -5.8727525383057544e-01, -1.2539046574545268e-01,
          -2.2477024600068934e-01 ]
   - !!opencv-matrix
      rows: 3
      cols: 1
      dt: d
      data: [ 3.8812702125687282e-01, -1.5652594969185418e-01,
          -2.1478396244928043e-02 ]
   - !!opencv-matrix
      rows: 3
      cols: 1
      dt: d
      data: [ 5.2844521915961074e-01, -2.6445116773121329e-02,
          -9.0481846808521688e-03 ]
   - !!opencv-matrix
      rows: 3
      cols: 1
      dt: d
      data: [ 6.5371988352498644e-01, 4.4453957228670271e-01,
          -6.8381774636739317e-03 ]
   - !!opencv-matrix
      rows: 3
      cols: 1
      dt: d
      data: [ 4.1725912348929785e-02, -3.3415569571652587e-01,
          1.8301999407307268e-01 ]
   - !!opencv-matrix
      rows: 3
      cols: 1
      dt: d
      data: [ 2.3275884274896813e-01, -5.3470641837602451e-01,
          3.1451080990775904e-01 ]
   - !!opencv-matrix
      rows: 3
      cols: 1
      dt: d
      data: [ 3.5038396062093780e-01, -4.7799063976099304e-01,
          1.5108979975184322e-01 ]
   - !!opencv-matrix
      rows: 3
      cols: 1
      dt: d
      data: [ 9.6343747296813997e-02, -3.1310844728164139e-01,
          3.4577543141320784e-02 ]
   - !!opencv-matrix
      rows: 3
      cols: 1
      dt: d
      data: [ 7.5532388506766676e-02, -4.3940120927064963e-01,
          4.4184101151041863e-02 ]
   - !!opencv-matrix
      rows: 3
      cols: 1
      dt: d
      data: [ 1.3398427806948155e-02, -4.5933634341162410e-01,
          1.4879750254279242e-02 ]
   - !!opencv-matrix
      rows: 3
      cols: 1
      dt: d
      data: [ -5.4952551961643881e-01, -4.9192700436544257e-01,
          -1.2706826920508615e-01 ]
   - !!opencv-matrix
      rows: 3
      cols: 1
      dt: d
      data: [ 3.0369072433918159e-01, -4.2177057913482019e-01,
          8.8592425830358756e-02 ]
   - !!opencv-matrix
      rows: 3
      cols: 1
      dt: d
      data: [ 6.7976313247658668e-02, -1.5159738317046831e-01,
          4.4325594212466728e-02 ]
