%YAML:1.0
---
Calibrate_Accuracy: 3.6520680477686357e-01
Camera_Matrix: !!opencv-matrix
   rows: 3
   cols: 3
   dt: d
   data: [ 1.1522767631798229e+03, 0., 320., 0., 1.1522767631798229e+03,
       240., 0., 0., 1. ]
Distortion_Coefficients: !!opencv-matrix
   rows: 5
   cols: 1
   dt: d
   data: [ -6.8072863760055380e-01, 6.8229705188521645e+00, 0., 0.,
       -6.3927848756332985e+01 ]
Rotation_Vector:
   - !!opencv-matrix
      rows: 3
      cols: 1
      dt: d
      data: [ 1.9309971656049824e-01, 1.2538506966352017e-02,
          -7.2681845619350267e-03 ]
   - !!opencv-matrix
      rows: 3
      cols: 1
      dt: d
      data: [ 2.2069001801829966e-01, -3.1233255309023499e-02,
          5.9164252790097497e-03 ]
   - !!opencv-matrix
      rows: 3
      cols: 1
      dt: d
      data: [ 1.9465040037307652e-01, -9.2921036440523264e-04,
          3.5230046319258811e-03 ]
   - !!opencv-matrix
      rows: 3
      cols: 1
      dt: d
      data: [ 1.7802774574012609e-01, 2.3264240994092047e-02,
          3.7733963517968066e-03 ]
   - !!opencv-matrix
      rows: 3
      cols: 1
      dt: d
      data: [ 2.3259844869654719e-01, -2.5607908236984528e-02,
          -3.4679762191479152e-01 ]
   - !!opencv-matrix
      rows: 3
      cols: 1
      dt: d
      data: [ 1.0897564852298128e-01, 4.0503576422744582e-02,
          -8.6612725612140260e-03 ]
   - !!opencv-matrix
      rows: 3
      cols: 1
      dt: d
      data: [ 1.7589213101029014e-01, 6.4067691664887308e-02,
          -4.1311711958103133e-02 ]
   - !!opencv-matrix
      rows: 3
      cols: 1
      dt: d
      data: [ -8.3349549576006363e-02, 1.0836073736890253e-01,
          1.7357633142257972e-01 ]
   - !!opencv-matrix
      rows: 3
      cols: 1
      dt: d
      data: [ 2.5384715482363979e-01, 2.1340263457635683e-01,
          1.7162218557549802e-01 ]
   - !!opencv-matrix
      rows: 3
      cols: 1
      dt: d
      data: [ 7.4192188287166991e-02, 2.3093878656330011e-01,
          1.7973413192465768e-01 ]
   - !!opencv-matrix
      rows: 3
      cols: 1
      dt: d
      data: [ 9.3951433973549089e-02, 9.9302816062730115e-02,
          1.8205652651828289e-01 ]
   - !!opencv-matrix
      rows: 3
      cols: 1
      dt: d
      data: [ 2.1582761367634704e-01, 4.1155890649949345e-02,
          1.4320425577707571e-01 ]
   - !!opencv-matrix
      rows: 3
      cols: 1
      dt: d
      data: [ -6.5441835948811644e-02, -8.9144131180974764e-02,
          1.1839165256808278e-01 ]
   - !!opencv-matrix
      rows: 3
      cols: 1
      dt: d
      data: [ 7.6717168859134849e-02, 6.3376715105142839e-02,
          7.7547525593169769e-02 ]
   - !!opencv-matrix
      rows: 3
      cols: 1
      dt: d
      data: [ 3.5641175293394051e-01, 8.6676636476018341e-03,
          9.4357328792698744e-02 ]
   - !!opencv-matrix
      rows: 3
      cols: 1
      dt: d
      data: [ 2.6975411554063256e-01, -7.7073317315628862e-03,
          1.2518636245456585e-01 ]
   - !!opencv-matrix
      rows: 3
      cols: 1
      dt: d
      data: [ 3.0688196384644684e-01, 6.0967372456440794e-02,
          3.1873978998230995e-01 ]
   - !!opencv-matrix
      rows: 3
      cols: 1
      dt: d
      data: [ 2.4370063678907786e-01, 1.1216434374816125e-02,
          3.3757349901550784e-02 ]
   - !!opencv-matrix
      rows: 3
      cols: 1
      dt: d
      data: [ 3.1320427313612187e-01, 1.3100267557671871e-01,
          9.3154301287880353e-02 ]
   - !!opencv-matrix
      rows: 3
      cols: 1
      dt: d
      data: [ 2.2470626396363627e-01, -3.3212423817059189e-02,
          2.3571872022546603e-01 ]
   - !!opencv-matrix
      rows: 3
      cols: 1
      dt: d
      data: [ 2.4531726673682080e-01, 1.6316980058378096e-02,
          1.1248507334212782e-02 ]
   - !!opencv-matrix
      rows: 3
      cols: 1
      dt: d
      data: [ 2.8277254740449531e-01, 1.0560726064021891e-02,
          4.2627837764698688e-02 ]
   - !!opencv-matrix
      rows: 3
      cols: 1
      dt: d
      data: [ 2.6641789720845083e-01, -7.4616480002099529e-05,
          6.2540705059631677e-02 ]
   - !!opencv-matrix
      rows: 3
      cols: 1
      dt: d
      data: [ 2.4711678862920222e-01, 1.0374715650649307e-02,
          4.5722454718411569e-02 ]
   - !!opencv-matrix
      rows: 3
      cols: 1
      dt: d
      data: [ 2.6336669103925714e-01, -3.6087170978334110e-02,
          3.7467596770505998e-02 ]
   - !!opencv-matrix
      rows: 3
      cols: 1
      dt: d
      data: [ 2.6401721076754275e-01, -1.1168802142019237e-02,
          1.1857757138841752e-02 ]
   - !!opencv-matrix
      rows: 3
      cols: 1
      dt: d
      data: [ 2.4238344293556635e-01, -5.3060317769528610e-02,
          5.7304638600538915e-02 ]
   - !!opencv-matrix
      rows: 3
      cols: 1
      dt: d
      data: [ 2.6054906652244347e-01, -2.8855910897283038e-02,
          1.1545431920925065e-02 ]
   - !!opencv-matrix
      rows: 3
      cols: 1
      dt: d
      data: [ 2.8096176039932541e-01, 2.5119685109515767e-02,
          1.8033041599630859e-02 ]
   - !!opencv-matrix
      rows: 3
      cols: 1
      dt: d
      data: [ 1.9419921336038803e-01, 1.3635827422764427e-02,
          -5.2122982599393268e-03 ]
   - !!opencv-matrix
      rows: 3
      cols: 1
      dt: d
      data: [ 2.6343623911345199e-01, -1.7321964834397921e-02,
          3.1122504414178982e-02 ]
   - !!opencv-matrix
      rows: 3
      cols: 1
      dt: d
      data: [ 2.4439998341663072e-01, 1.2777445472847170e-03,
          -6.4723925561385089e-03 ]
   - !!opencv-matrix
      rows: 3
      cols: 1
      dt: d
      data: [ 3.4712909735908143e-01, 4.4687631728205363e-03,
          1.8275410830745045e-02 ]
   - !!opencv-matrix
      rows: 3
      cols: 1
      dt: d
      data: [ 2.7259628865341667e-01, -3.0196868039607583e-02,
          6.6520762748348866e-02 ]
   - !!opencv-matrix
      rows: 3
      cols: 1
      dt: d
      data: [ 2.0886618146971220e-01, -1.0003362185792036e-02,
          5.0164969363037187e-02 ]
   - !!opencv-matrix
      rows: 3
      cols: 1
      dt: d
      data: [ 3.0640973739482807e-01, -2.7581531155042895e-02,
          4.5576701541227949e-02 ]
   - !!opencv-matrix
      rows: 3
      cols: 1
      dt: d
      data: [ 3.3016625945278144e-01, -2.8872608163191441e-02,
          2.3608763971267769e-02 ]
