%YAML:1.0
---
Calibrate_Accuracy: 3.9887961583207127e-01
Camera_Matrix: !!opencv-matrix
   rows: 3
   cols: 3
   dt: d
   data: [ 5.1949297495500423e+02, 0., 320., 0., 5.1949297495500423e+02,
       180., 0., 0., 1. ]
Distortion_Coefficients: !!opencv-matrix
   rows: 5
   cols: 1
   dt: d
   data: [ 7.2449276442926286e-02, -1.3044720859548439e-01, 0., 0.,
       -3.9187857612413229e-01 ]
Rotation_Vector:
   - !!opencv-matrix
      rows: 3
      cols: 1
      dt: d
      data: [ -5.1377747604774262e-03, -1.9914573719124531e-01,
          -4.0232916437128736e-02 ]
   - !!opencv-matrix
      rows: 3
      cols: 1
      dt: d
      data: [ -1.7886093649036713e-03, -1.0783119343718231e-01,
          -1.5480194719475513e-02 ]
   - !!opencv-matrix
      rows: 3
      cols: 1
      dt: d
      data: [ 3.6565305516373103e-02, -1.5289911842094764e-01,
          -3.1427970940913534e-02 ]
   - !!opencv-matrix
      rows: 3
      cols: 1
      dt: d
      data: [ 6.4747840591486264e-02, -1.8289322247973286e-01,
          -2.3976667042963390e-02 ]
   - !!opencv-matrix
      rows: 3
      cols: 1
      dt: d
      data: [ 9.1194155010732136e-02, -4.2605831921583676e-01,
          -2.4180717746268836e-02 ]
   - !!opencv-matrix
      rows: 3
      cols: 1
      dt: d
      data: [ 9.6502758452678486e-02, 2.7244083503768407e-01,
          8.4972420804692833e-02 ]
   - !!opencv-matrix
      rows: 3
      cols: 1
      dt: d
      data: [ 1.6199258868416536e-01, -2.7393779845751337e-01,
          -3.4705897323825487e-02 ]
   - !!opencv-matrix
      rows: 3
      cols: 1
      dt: d
      data: [ 2.4135714872663053e-01, 3.5930957863889124e-01,
          1.4648782661982862e-01 ]
   - !!opencv-matrix
      rows: 3
      cols: 1
      dt: d
      data: [ 9.9516224281545662e-02, -3.2885513415133705e-01,
          -3.7316687468406939e-02 ]
   - !!opencv-matrix
      rows: 3
      cols: 1
      dt: d
      data: [ 2.6947375571740612e-02, -4.4385727722036250e-02,
          1.6975735443641546e-02 ]
   - !!opencv-matrix
      rows: 3
      cols: 1
      dt: d
      data: [ 3.3563337466350492e-02, -2.5421156614689683e-01,
          -3.1653710165869861e-02 ]
   - !!opencv-matrix
      rows: 3
      cols: 1
      dt: d
      data: [ 3.5134784335031408e-02, -2.9308612500809901e-03,
          -1.0100270492252050e-03 ]
   - !!opencv-matrix
      rows: 3
      cols: 1
      dt: d
      data: [ 2.7261689014159800e-02, 1.7268658429258697e-02,
          3.1932681268856788e-02 ]
   - !!opencv-matrix
      rows: 3
      cols: 1
      dt: d
      data: [ 6.6975737635871904e-02, -1.8579017401624551e-01,
          8.4590117367383547e-02 ]
   - !!opencv-matrix
      rows: 3
      cols: 1
      dt: d
      data: [ -8.2153259460453019e-03, -2.2320145496194299e-01,
          3.2012213684086813e-02 ]
   - !!opencv-matrix
      rows: 3
      cols: 1
      dt: d
      data: [ -7.1201183812223930e-03, 1.6642210020806410e-02,
          -2.3111571876271580e-02 ]
   - !!opencv-matrix
      rows: 3
      cols: 1
      dt: d
      data: [ -1.3363980582597494e-02, 3.5152669847292928e-02,
          -1.6659386706129650e-02 ]
   - !!opencv-matrix
      rows: 3
      cols: 1
      dt: d
      data: [ -6.6106931100005775e-02, -1.9022217364368427e-01,
          4.8675260936437606e-02 ]
   - !!opencv-matrix
      rows: 3
      cols: 1
      dt: d
      data: [ -4.8889662033686762e-02, -2.6005790242383298e-01,
          -1.9794044263636339e-02 ]
   - !!opencv-matrix
      rows: 3
      cols: 1
      dt: d
      data: [ -3.4665875040319136e-02, 4.3483402906948532e-01,
          -8.1934057158366574e-02 ]
   - !!opencv-matrix
      rows: 3
      cols: 1
      dt: d
      data: [ -6.9357428589085238e-02, 5.9212272496269702e-01,
          -3.9172087997261544e-03 ]
   - !!opencv-matrix
      rows: 3
      cols: 1
      dt: d
      data: [ 1.6615791053170043e-02, 4.9377399327407795e-01,
          -1.8512423093610605e-02 ]
   - !!opencv-matrix
      rows: 3
      cols: 1
      dt: d
      data: [ 4.1532039003639720e-03, -1.5130896374649314e-01,
          -2.1162058577113362e-02 ]
   - !!opencv-matrix
      rows: 3
      cols: 1
      dt: d
      data: [ 1.0089170993225019e-01, -5.5832492832938396e-01,
          -4.8519521159818800e-02 ]
   - !!opencv-matrix
      rows: 3
      cols: 1
      dt: d
      data: [ 1.2909182040031716e-01, -2.7929890948756719e-01,
          -1.0066629660847606e-01 ]
   - !!opencv-matrix
      rows: 3
      cols: 1
      dt: d
      data: [ 4.6718697034733320e-03, 2.9548846588186134e-01,
          7.1892558932965603e-02 ]
   - !!opencv-matrix
      rows: 3
      cols: 1
      dt: d
      data: [ 3.7271370908689462e-02, 2.0031002885409635e-03,
          1.2788307733890723e-02 ]
   - !!opencv-matrix
      rows: 3
      cols: 1
      dt: d
      data: [ 1.2852949074976242e-01, -7.7796540315449081e-02,
          3.4102694869841264e-02 ]
   - !!opencv-matrix
      rows: 3
      cols: 1
      dt: d
      data: [ 6.0301901396073727e-02, -1.7430934562984529e-01,
          -1.3046414218520461e-01 ]
   - !!opencv-matrix
      rows: 3
      cols: 1
      dt: d
      data: [ 2.1068126355812561e-01, -8.2470189537587196e-02,
          -5.8678506600030912e-02 ]
