%YAML:1.0
---
Calibrate_Accuracy: 4.9281228209152994e-01
Camera_Matrix: !!opencv-matrix
   rows: 3
   cols: 3
   dt: d
   data: [ 5.4800053267225610e+02, 0., 320., 0., 5.4800053267225610e+02,
       240., 0., 0., 1. ]
Distortion_Coefficients: !!opencv-matrix
   rows: 5
   cols: 1
   dt: d
   data: [ -2.3152376768201349e-02, -1.6288312232695068e-01, 0., 0.,
       4.8066817358205455e-01 ]
Rotation_Vector:
   - !!opencv-matrix
      rows: 3
      cols: 1
      dt: d
      data: [ 9.2158956299144656e-01, 1.3699688772336591e-01,
          -2.8807516919086207e+00 ]
   - !!opencv-matrix
      rows: 3
      cols: 1
      dt: d
      data: [ -1.2359755496859919e-01, 5.1261498058206112e-01,
          2.7181560059253460e+00 ]
   - !!opencv-matrix
      rows: 3
      cols: 1
      dt: d
      data: [ -3.0979409437487321e-01, -2.1198573102924817e-01,
          -3.0770062019802920e+00 ]
   - !!opencv-matrix
      rows: 3
      cols: 1
      dt: d
      data: [ -4.0876845401947914e-01, -8.8955302032189491e-03,
          2.8849986806889487e+00 ]
   - !!opencv-matrix
      rows: 3
      cols: 1
      dt: d
      data: [ -1.3878189157934562e-01, 9.3561029655321565e-02,
          3.0319301757809134e+00 ]
   - !!opencv-matrix
      rows: 3
      cols: 1
      dt: d
      data: [ -4.5622462835700633e-01, 2.1293811359575610e-01,
          -3.0297621643867227e+00 ]
   - !!opencv-matrix
      rows: 3
      cols: 1
      dt: d
      data: [ -1.0654175864104155e-01, 9.7374081624366018e-02,
          -3.0569371799726768e+00 ]
   - !!opencv-matrix
      rows: 3
      cols: 1
      dt: d
      data: [ 9.0681392413381481e-02, -5.7687142627478753e-02,
          -3.0854110087390261e+00 ]
   - !!opencv-matrix
      rows: 3
      cols: 1
      dt: d
      data: [ 3.2229880695431518e-01, -2.8212183403648622e-01,
          -3.0947355160471774e+00 ]
   - !!opencv-matrix
      rows: 3
      cols: 1
      dt: d
      data: [ 5.0073749250784316e-01, -5.4613755431755000e-02,
          -3.0441103584636204e+00 ]
   - !!opencv-matrix
      rows: 3
      cols: 1
      dt: d
      data: [ 4.5646787401871247e-01, -7.3673466901601037e-02,
          -3.0320623419707893e+00 ]
   - !!opencv-matrix
      rows: 3
      cols: 1
      dt: d
      data: [ 4.2349368333249521e-01, -1.8169663379103976e-01,
          -3.0506622402063721e+00 ]
   - !!opencv-matrix
      rows: 3
      cols: 1
      dt: d
      data: [ 5.3591422868198302e-01, -1.0842145921199788e-01,
          -3.0251122251601701e+00 ]
   - !!opencv-matrix
      rows: 3
      cols: 1
      dt: d
      data: [ 2.8757927767561309e-01, -1.2972461574105776e-01,
          -3.0788156882208688e+00 ]
   - !!opencv-matrix
      rows: 3
      cols: 1
      dt: d
      data: [ 4.4871755220857684e-01, -1.0253102812720462e-01,
          -3.0576387289934046e+00 ]
   - !!opencv-matrix
      rows: 3
      cols: 1
      dt: d
      data: [ 4.7861947663238497e-01, -9.8342977825232436e-02,
          -3.0791847055455532e+00 ]
   - !!opencv-matrix
      rows: 3
      cols: 1
      dt: d
      data: [ 5.3897174308835161e-01, -6.4873550787862444e-02,
          -3.0519772862925807e+00 ]
   - !!opencv-matrix
      rows: 3
      cols: 1
      dt: d
      data: [ -5.3989646604792485e-01, 3.0228186664794537e-01,
          3.0586233232327587e+00 ]
   - !!opencv-matrix
      rows: 3
      cols: 1
      dt: d
      data: [ -5.2889551827691472e-01, 3.0487936825361928e-01,
          3.0698666010191009e+00 ]
   - !!opencv-matrix
      rows: 3
      cols: 1
      dt: d
      data: [ -1.6910573241032836e-01, 3.6150796474150004e-01,
          3.0948246529986649e+00 ]
   - !!opencv-matrix
      rows: 3
      cols: 1
      dt: d
      data: [ 6.7728366674088680e-01, 1.9080771757156656e-01,
          3.0321123585267249e+00 ]
   - !!opencv-matrix
      rows: 3
      cols: 1
      dt: d
      data: [ 2.4383671802940504e-01, 1.6546000255448515e-01,
          -2.8770804113179604e+00 ]
   - !!opencv-matrix
      rows: 3
      cols: 1
      dt: d
      data: [ 5.7003970726943598e-01, -3.4481017668024964e-02,
          -2.9700200171596696e+00 ]
   - !!opencv-matrix
      rows: 3
      cols: 1
      dt: d
      data: [ -1.7727152766607818e-01, 4.0350042820092208e-01,
          2.8007049879001955e+00 ]
   - !!opencv-matrix
      rows: 3
      cols: 1
      dt: d
      data: [ 4.3234152677845678e-01, 4.4514014591810475e-01,
          3.0180767667020949e+00 ]
   - !!opencv-matrix
      rows: 3
      cols: 1
      dt: d
      data: [ 8.4320606063741244e-01, 1.6958060268697198e-01,
          3.0165299603374827e+00 ]
   - !!opencv-matrix
      rows: 3
      cols: 1
      dt: d
      data: [ -9.2708774337113109e-01, -3.9793695574465188e-02,
          -2.9325161301051770e+00 ]
   - !!opencv-matrix
      rows: 3
      cols: 1
      dt: d
      data: [ -7.0803313488740882e-01, 1.5757595595510657e-01,
          -2.8657253334172195e+00 ]
   - !!opencv-matrix
      rows: 3
      cols: 1
      dt: d
      data: [ -4.0816693142042587e-01, 1.6325116495933617e-01,
          3.0634591166249057e+00 ]
   - !!opencv-matrix
      rows: 3
      cols: 1
      dt: d
      data: [ -5.9415619124458952e-01, 2.0132088978534543e-01,
          2.8463622256799854e+00 ]
