%YAML:1.0
---
Calibrate_Accuracy: 4.6974345826741898e-01
Camera_Matrix: !!opencv-matrix
   rows: 3
   cols: 3
   dt: d
   data: [ 5.9039396350224717e+02, 0., 320., 0., 5.9039396350224717e+02,
       240., 0., 0., 1. ]
Distortion_Coefficients: !!opencv-matrix
   rows: 5
   cols: 1
   dt: d
   data: [ 4.5642342137096607e-02, -3.6476656167717225e-01, 0., 0.,
       7.4383541283735644e-01 ]
Rotation_Vector:
   - !!opencv-matrix
      rows: 3
      cols: 1
      dt: d
      data: [ -2.3654544344851119e-01, -3.4849688453404254e-01,
          1.5637542457747831e+00 ]
   - !!opencv-matrix
      rows: 3
      cols: 1
      dt: d
      data: [ -1.6854005902438046e-02, -4.4995481553795813e-01,
          1.5588162154356373e+00 ]
   - !!opencv-matrix
      rows: 3
      cols: 1
      dt: d
      data: [ 9.6746012660425082e-02, -2.1092315785783952e-01,
          1.5764510331332751e+00 ]
   - !!opencv-matrix
      rows: 3
      cols: 1
      dt: d
      data: [ 3.3970117953615447e-01, -4.8883241997735394e-01,
          1.7728958888012156e+00 ]
   - !!opencv-matrix
      rows: 3
      cols: 1
      dt: d
      data: [ 1.5707173716009157e-01, -2.3887808699381236e-01,
          1.2847881670213663e+00 ]
   - !!opencv-matrix
      rows: 3
      cols: 1
      dt: d
      data: [ 2.7705650562064288e-01, -2.7660424566860903e-01,
          1.5090554968888552e+00 ]
   - !!opencv-matrix
      rows: 3
      cols: 1
      dt: d
      data: [ -1.2595780907019294e-01, -2.1789595378496535e-01,
          1.5928522529289328e+00 ]
   - !!opencv-matrix
      rows: 3
      cols: 1
      dt: d
      data: [ -2.3260668978298779e-01, -4.0590962027715155e-01,
          1.5080459865849527e+00 ]
   - !!opencv-matrix
      rows: 3
      cols: 1
      dt: d
      data: [ -1.9551336077354353e-01, -3.6901898373471814e-01,
          1.5601736829958546e+00 ]
   - !!opencv-matrix
      rows: 3
      cols: 1
      dt: d
      data: [ -1.7857243659385066e-01, -3.5147367206488189e-01,
          1.6021506711633122e+00 ]
   - !!opencv-matrix
      rows: 3
      cols: 1
      dt: d
      data: [ -1.6078575584123478e-01, -3.7338824826406386e-01,
          1.5859252785202900e+00 ]
   - !!opencv-matrix
      rows: 3
      cols: 1
      dt: d
      data: [ -1.0870532459481642e-01, -4.0364534755743608e-01,
          1.5787659505581608e+00 ]
   - !!opencv-matrix
      rows: 3
      cols: 1
      dt: d
      data: [ -6.1073145317219156e-02, -3.8882741484895089e-01,
          1.5773033389096867e+00 ]
   - !!opencv-matrix
      rows: 3
      cols: 1
      dt: d
      data: [ 5.7074916262129767e-03, -2.4962321646189725e-01,
          1.5749420250865123e+00 ]
   - !!opencv-matrix
      rows: 3
      cols: 1
      dt: d
      data: [ 2.8913882172912513e-02, -1.0885167061204687e-01,
          1.5585822282948050e+00 ]
   - !!opencv-matrix
      rows: 3
      cols: 1
      dt: d
      data: [ -1.0934825499522580e-01, -6.3958850376979182e-02,
          1.5134753914715318e+00 ]
   - !!opencv-matrix
      rows: 3
      cols: 1
      dt: d
      data: [ -1.2659947230639701e-01, -1.2183239933730274e-01,
          1.5262009231207134e+00 ]
   - !!opencv-matrix
      rows: 3
      cols: 1
      dt: d
      data: [ -2.0807660931430688e-01, -2.6661467205349970e-01,
          1.5943375417608430e+00 ]
   - !!opencv-matrix
      rows: 3
      cols: 1
      dt: d
      data: [ -1.8196134882197301e-01, -2.4568413765196312e-01,
          1.5653696427941091e+00 ]
   - !!opencv-matrix
      rows: 3
      cols: 1
      dt: d
      data: [ 9.0287613363557711e-03, -1.6923601406485930e-01,
          1.5787959397941687e+00 ]
   - !!opencv-matrix
      rows: 3
      cols: 1
      dt: d
      data: [ 4.3844199838356918e-01, -3.6834197777654681e-01,
          2.1532068820511117e+00 ]
   - !!opencv-matrix
      rows: 3
      cols: 1
      dt: d
      data: [ 2.0890774888025928e-02, -7.6801229366300927e-01,
          1.5048096009706957e+00 ]
   - !!opencv-matrix
      rows: 3
      cols: 1
      dt: d
      data: [ -6.8916624522681647e-01, -4.0973694055279355e-02,
          8.6363873421803128e-01 ]
   - !!opencv-matrix
      rows: 3
      cols: 1
      dt: d
      data: [ 2.9933652112413785e-02, 5.4652327951031210e-01,
          1.6082018185494045e+00 ]
   - !!opencv-matrix
      rows: 3
      cols: 1
      dt: d
      data: [ 6.5079012187285878e-01, -1.0911269640922791e-01,
          1.7228996699919108e+00 ]
   - !!opencv-matrix
      rows: 3
      cols: 1
      dt: d
      data: [ -2.0820868618760896e-01, -4.7442290992583525e-01,
          1.1377406895939550e+00 ]
   - !!opencv-matrix
      rows: 3
      cols: 1
      dt: d
      data: [ 5.6859332715065283e-02, -3.0090802041873937e-01,
          1.0883241862818060e+00 ]
   - !!opencv-matrix
      rows: 3
      cols: 1
      dt: d
      data: [ 1.8654291761823300e-01, -3.5533383413693381e-01,
          1.6911710291343227e+00 ]
   - !!opencv-matrix
      rows: 3
      cols: 1
      dt: d
      data: [ -7.1472763924513003e-02, -2.9860386194050642e-01,
          2.4109029743466825e+00 ]
   - !!opencv-matrix
      rows: 3
      cols: 1
      dt: d
      data: [ -1.2760452894909105e-01, -1.9753910770711391e-01,
          2.8132843824426859e+00 ]
   - !!opencv-matrix
      rows: 3
      cols: 1
      dt: d
      data: [ -4.7563701550031451e-02, 3.1624752279012958e-01,
          -2.6361596446468853e+00 ]
   - !!opencv-matrix
      rows: 3
      cols: 1
      dt: d
      data: [ 2.9768845166554941e-01, -3.4589481782436532e-01,
          2.4531301717110749e+00 ]
   - !!opencv-matrix
      rows: 3
      cols: 1
      dt: d
      data: [ 2.9581649994002135e-01, -1.4915098186617262e-01,
          1.7792549537945551e-01 ]
   - !!opencv-matrix
      rows: 3
      cols: 1
      dt: d
      data: [ 2.8169150552632843e-01, -1.5581969719587438e-01,
          -4.1427924808414324e-01 ]
   - !!opencv-matrix
      rows: 3
      cols: 1
      dt: d
      data: [ -2.6402931550863398e-02, 2.3491619143849415e-01,
          1.5997234432110582e-01 ]
   - !!opencv-matrix
      rows: 3
      cols: 1
      dt: d
      data: [ -2.6729540660833911e-01, 3.5662467334909831e-01,
          9.0487910140787575e-01 ]
   - !!opencv-matrix
      rows: 3
      cols: 1
      dt: d
      data: [ -2.6357068430071201e-01, 3.7397714182410297e-01,
          1.1694210014837727e+00 ]
   - !!opencv-matrix
      rows: 3
      cols: 1
      dt: d
      data: [ -1.3225421301264007e-01, 3.0187459453219329e-01,
          1.3949675318857582e+00 ]
   - !!opencv-matrix
      rows: 3
      cols: 1
      dt: d
      data: [ 1.3586266113931397e-01, 1.2393319858953672e-01,
          1.5695566282873181e+00 ]
   - !!opencv-matrix
      rows: 3
      cols: 1
      dt: d
      data: [ 3.8834362559946606e-01, -1.3086620970055876e-01,
          1.6810840418978545e+00 ]
   - !!opencv-matrix
      rows: 3
      cols: 1
      dt: d
      data: [ 4.7439934577508941e-01, -3.6955581376588997e-01,
          1.7244754802164854e+00 ]
   - !!opencv-matrix
      rows: 3
      cols: 1
      dt: d
      data: [ 4.5859203512919788e-01, -7.0393885034731318e-01,
          1.5831389103204512e+00 ]
   - !!opencv-matrix
      rows: 3
      cols: 1
      dt: d
      data: [ -1.7447379551947742e-01, -2.3424290123373678e-01,
          1.0338245745935339e+00 ]
