%YAML:1.0
---
Calibrate_Accuracy: 2.2857983312386498e-01
Camera_Matrix: !!opencv-matrix
   rows: 3
   cols: 3
   dt: d
   data: [ 8.1620442068250964e+02, 0., 4.0496284333888372e+02, 0.,
       8.0301384025554512e+02, 2.4821931637567371e+02, 0., 0., 1. ]
Distortion_Coefficients: !!opencv-matrix
   rows: 5
   cols: 1
   dt: d
   data: [ -3.1957496517771122e-01, 1.1929055214958210e-01,
       1.0831210952422269e-02, 3.1875724926214901e-03,
       2.2140744458366862e-01 ]
Rotation_Vector:
   - !!opencv-matrix
      rows: 3
      cols: 1
      dt: d
      data: [ 2.2527815528119116e-01, 2.7582446185286591e-01,
          1.3954423773771427e+00 ]
   - !!opencv-matrix
      rows: 3
      cols: 1
      dt: d
      data: [ -7.1844574424709229e-01, 1.3536426272076952e-02,
          1.4921814723163895e+00 ]
   - !!opencv-matrix
      rows: 3
      cols: 1
      dt: d
      data: [ -5.4504504427647638e-01, -3.3010342387679409e-01,
          1.3532196040986677e+00 ]
   - !!opencv-matrix
      rows: 3
      cols: 1
      dt: d
      data: [ 5.8639946538421106e-01, -2.5839905455173845e-01,
          1.7271408620747990e+00 ]
   - !!opencv-matrix
      rows: 3
      cols: 1
      dt: d
      data: [ -9.9732662375656547e-02, -8.1627523229634402e-01,
          1.5999725926597814e+00 ]
   - !!opencv-matrix
      rows: 3
      cols: 1
      dt: d
      data: [ 1.2693539260583692e-01, -7.0279070580494052e-01,
          1.6375456399619623e+00 ]
   - !!opencv-matrix
      rows: 3
      cols: 1
      dt: d
      data: [ -3.2263335949068696e-02, -7.3740290608077541e-01,
          1.5743765232650029e+00 ]
   - !!opencv-matrix
      rows: 3
      cols: 1
      dt: d
      data: [ 6.4466976315895333e-02, 2.2266912303421546e-01,
          1.7148809689258047e+00 ]
   - !!opencv-matrix
      rows: 3
      cols: 1
      dt: d
      data: [ -4.1041700685583887e-01, -6.2600451551187442e-01,
          1.2201178561901456e+00 ]
   - !!opencv-matrix
      rows: 3
      cols: 1
      dt: d
      data: [ 4.3713359715695532e-01, 1.0850147633014638e-01,
          1.3210495348996414e+00 ]
   - !!opencv-matrix
      rows: 3
      cols: 1
      dt: d
      data: [ -8.6535001933343708e-02, -8.8464723000583445e-01,
          1.5706824610509789e+00 ]
   - !!opencv-matrix
      rows: 3
      cols: 1
      dt: d
      data: [ -8.9348366119819042e-02, 1.9587568032765186e-02,
          1.2767339326345637e+00 ]
   - !!opencv-matrix
      rows: 3
      cols: 1
      dt: d
      data: [ 1.0575792060097650e-01, -5.9015154007065707e-01,
          1.8937505732948663e+00 ]
   - !!opencv-matrix
      rows: 3
      cols: 1
      dt: d
      data: [ 3.0438617826591931e-02, -7.5761062815020896e-01,
          1.5762424354699527e+00 ]
   - !!opencv-matrix
      rows: 3
      cols: 1
      dt: d
      data: [ 1.3976731168025958e-01, -7.2485608143029934e-01,
          1.3561330086746737e+00 ]
   - !!opencv-matrix
      rows: 3
      cols: 1
      dt: d
      data: [ -8.2531677267958903e-02, -6.6672127162479733e-01,
          1.2108955549382820e+00 ]
   - !!opencv-matrix
      rows: 3
      cols: 1
      dt: d
      data: [ -2.0225862701891012e-01, -6.1316533455085220e-01,
          1.1533542150768341e+00 ]
   - !!opencv-matrix
      rows: 3
      cols: 1
      dt: d
      data: [ 2.8212321887324188e-01, -6.2654559635006724e-01,
          1.6157477587383742e+00 ]
   - !!opencv-matrix
      rows: 3
      cols: 1
      dt: d
      data: [ -4.9420807580569986e-01, 4.3386776876407868e-01,
          1.7282511262378890e+00 ]
   - !!opencv-matrix
      rows: 3
      cols: 1
      dt: d
      data: [ 7.3564837265024233e-02, -5.3541038683672126e-01,
          1.5665559071534199e+00 ]
Translation_vector:
   - !!opencv-matrix
      rows: 3
      cols: 1
      dt: d
      data: [ -4.3105801888454760e+00, -6.1133323513190146e+02,
          2.2406155039767086e+03 ]
   - !!opencv-matrix
      rows: 3
      cols: 1
      dt: d
      data: [ -7.5845783055442283e+01, -3.3492633661836516e+02,
          2.4835584685982740e+03 ]
   - !!opencv-matrix
      rows: 3
      cols: 1
      dt: d
      data: [ -5.9606609633606830e+01, -2.5333522795542891e+02,
          2.4772074011867689e+03 ]
   - !!opencv-matrix
      rows: 3
      cols: 1
      dt: d
      data: [ -2.9994236888527787e+01, 6.3474890144300346e+01,
          2.3783558186406221e+03 ]
   - !!opencv-matrix
      rows: 3
      cols: 1
      dt: d
      data: [ -2.3700422270920404e+02, -2.2377111049290642e+02,
          2.4135539168280716e+03 ]
   - !!opencv-matrix
      rows: 3
      cols: 1
      dt: d
      data: [ 3.8181745508266937e+02, -5.9243137803733430e+02,
          2.5368965375122289e+03 ]
   - !!opencv-matrix
      rows: 3
      cols: 1
      dt: d
      data: [ 4.0024181164026186e+02, 1.0693498695181844e+02,
          2.4677475809241550e+03 ]
   - !!opencv-matrix
      rows: 3
      cols: 1
      dt: d
      data: [ 2.1522137125548761e+02, -1.9932681693507973e+02,
          2.3881607767856958e+03 ]
   - !!opencv-matrix
      rows: 3
      cols: 1
      dt: d
      data: [ -5.8583566305735064e+02, -1.1875468906033835e+02,
          2.5068198952225043e+03 ]
   - !!opencv-matrix
      rows: 3
      cols: 1
      dt: d
      data: [ -4.7610888395149345e+02, 9.1011795064087181e+01,
          2.3966791675873337e+03 ]
   - !!opencv-matrix
      rows: 3
      cols: 1
      dt: d
      data: [ -4.9156302848751818e+02, 2.0876726167166435e+01,
          2.5203498785583943e+03 ]
   - !!opencv-matrix
      rows: 3
      cols: 1
      dt: d
      data: [ -4.1698439558055486e+02, 3.2957225250365798e+02,
          2.5221210399297347e+03 ]
   - !!opencv-matrix
      rows: 3
      cols: 1
      dt: d
      data: [ -7.9499775280797564e+02, 1.8335029093186009e+02,
          2.5325671477288452e+03 ]
   - !!opencv-matrix
      rows: 3
      cols: 1
      dt: d
      data: [ -6.6917076725545053e+02, -4.6100928766659302e+02,
          2.4510349201483082e+03 ]
   - !!opencv-matrix
      rows: 3
      cols: 1
      dt: d
      data: [ -6.8259385541149106e+02, -6.9825847422896175e+02,
          2.4256353999742837e+03 ]
   - !!opencv-matrix
      rows: 3
      cols: 1
      dt: d
      data: [ 4.4903160800626586e+02, -4.4687464583872327e+02,
          2.5489879263330927e+03 ]
   - !!opencv-matrix
      rows: 3
      cols: 1
      dt: d
      data: [ 5.4065067575302953e+02, -5.3915140745082306e+02,
          2.5803871399973191e+03 ]
   - !!opencv-matrix
      rows: 3
      cols: 1
      dt: d
      data: [ 5.1035292023822342e+02, 6.7871351543560479e+01,
          2.5075889526968749e+03 ]
   - !!opencv-matrix
      rows: 3
      cols: 1
      dt: d
      data: [ 5.4459968329674791e+02, 3.0227991691054598e+02,
          2.6168482752879918e+03 ]
   - !!opencv-matrix
      rows: 3
      cols: 1
      dt: d
      data: [ -8.7682022231254308e+01, 1.8183265210721200e+02,
          2.0066652516246938e+03 ]
# Rotation vector + Translation vector
