%YAML:1.0
---
Calibrate_Accuracy: 3.4983665213460013e-01
Camera_Matrix: !!opencv-matrix
   rows: 3
   cols: 3
   dt: d
   data: [ 8.2117418798271206e+02, 0., 3.0314870321007390e+02, 0.,
       8.1231609436727956e+02, 2.6653899349134662e+02, 0., 0., 1. ]
Distortion_Coefficients: !!opencv-matrix
   rows: 5
   cols: 1
   dt: d
   data: [ -3.3895249565258595e-01, 1.4197299541378697e-01,
       -6.6130298364872903e-03, -1.6472240464331137e-03,
       -1.8021361647784584e-01 ]
Rotation_Vector:
   - !!opencv-matrix
      rows: 3
      cols: 1
      dt: d
      data: [ -5.9647010775167694e-02, 1.9098935265620182e-01,
          1.2586082667841100e-01 ]
   - !!opencv-matrix
      rows: 3
      cols: 1
      dt: d
      data: [ 1.5432895938344587e-01, -3.3859031972189962e-01,
          -2.7007959994563330e-01 ]
   - !!opencv-matrix
      rows: 3
      cols: 1
      dt: d
      data: [ -3.7748104473291366e-01, -4.2288577950271057e-02,
          -1.7866348532480422e-01 ]
   - !!opencv-matrix
      rows: 3
      cols: 1
      dt: d
      data: [ 2.3138458717206947e-01, -5.1668732338410883e-01,
          -1.1948504856863786e-01 ]
   - !!opencv-matrix
      rows: 3
      cols: 1
      dt: d
      data: [ 1.9674379909979520e-01, -4.0629936318706078e-01,
          -3.8601034369970250e-01 ]
   - !!opencv-matrix
      rows: 3
      cols: 1
      dt: d
      data: [ 4.3925508078884540e-01, -3.2131811176454911e-01,
          -9.7783445116747553e-02 ]
   - !!opencv-matrix
      rows: 3
      cols: 1
      dt: d
      data: [ 2.6507075495349564e-01, -4.0261740948603147e-01,
          6.7076006257249285e-02 ]
   - !!opencv-matrix
      rows: 3
      cols: 1
      dt: d
      data: [ 3.3210393744443090e-01, -3.4104619358203087e-01,
          -8.2679882026848769e-02 ]
   - !!opencv-matrix
      rows: 3
      cols: 1
      dt: d
      data: [ 1.6816601502977119e-01, -2.5641139031049920e-01,
          -1.3931759532398871e-01 ]
   - !!opencv-matrix
      rows: 3
      cols: 1
      dt: d
      data: [ 3.7720586162697634e-01, -2.0383561118693877e-01,
          3.3235041681314526e-01 ]
   - !!opencv-matrix
      rows: 3
      cols: 1
      dt: d
      data: [ -1.2699355331289769e-01, -2.1429360772618689e-01,
          2.3160138654550047e-01 ]
   - !!opencv-matrix
      rows: 3
      cols: 1
      dt: d
      data: [ 3.9407106812108911e-01, 1.1935384586314098e-02,
          4.2029947789897221e-01 ]
   - !!opencv-matrix
      rows: 3
      cols: 1
      dt: d
      data: [ 2.0189250163913491e-01, 1.6939001651855232e-02,
          -1.7761517333102653e-01 ]
   - !!opencv-matrix
      rows: 3
      cols: 1
      dt: d
      data: [ 1.0500207670541412e-01, -4.7013494478194001e-01,
          -3.3171300646141366e-01 ]
   - !!opencv-matrix
      rows: 3
      cols: 1
      dt: d
      data: [ -5.3717892363319875e-01, -4.2444559758114003e-01,
          -5.7747927995042490e-02 ]
   - !!opencv-matrix
      rows: 3
      cols: 1
      dt: d
      data: [ 2.4000585660389012e-01, -2.3614826406289979e-01,
          1.1817839410649805e-01 ]
   - !!opencv-matrix
      rows: 3
      cols: 1
      dt: d
      data: [ 1.6777921594879902e-01, -3.4326404409451630e-03,
          2.7550784790134938e-02 ]
   - !!opencv-matrix
      rows: 3
      cols: 1
      dt: d
      data: [ 1.9676074247076242e-01, -5.7492485920701841e-01,
          -2.0881449748704334e-01 ]
   - !!opencv-matrix
      rows: 3
      cols: 1
      dt: d
      data: [ 6.7511289630519911e-01, -1.1132777409197196e-01,
          2.2460998859160350e-01 ]
   - !!opencv-matrix
      rows: 3
      cols: 1
      dt: d
      data: [ 6.9543236971594091e-01, -2.2384169360508865e-01,
          2.4385468890640954e-01 ]
   - !!opencv-matrix
      rows: 3
      cols: 1
      dt: d
      data: [ 2.5677931224902469e-02, -2.1391480272181446e-01,
          -5.0269231544965431e-01 ]
   - !!opencv-matrix
      rows: 3
      cols: 1
      dt: d
      data: [ 1.9546908971671206e-01, -4.8610460688525828e-02,
          -1.9960334760073201e-01 ]
   - !!opencv-matrix
      rows: 3
      cols: 1
      dt: d
      data: [ 3.1720317162131834e-01, 9.2759643058226648e-02,
          4.2573602863826238e-01 ]
   - !!opencv-matrix
      rows: 3
      cols: 1
      dt: d
      data: [ -3.4432293215308291e-01, 2.0073426310514932e-03,
          9.9238774423290477e-03 ]
   - !!opencv-matrix
      rows: 3
      cols: 1
      dt: d
      data: [ 7.1941198621968544e-02, 3.2159532271658892e-01,
          3.8433938370604326e-01 ]
   - !!opencv-matrix
      rows: 3
      cols: 1
      dt: d
      data: [ -3.0568598913933931e-01, 2.8816334398192058e-02,
          -1.6699931313409237e-02 ]
   - !!opencv-matrix
      rows: 3
      cols: 1
      dt: d
      data: [ 3.1736854341763815e-01, -4.5810785939231619e-01,
          8.9165588493034048e-02 ]
   - !!opencv-matrix
      rows: 3
      cols: 1
      dt: d
      data: [ 6.8010106756812305e-01, -1.0591791217688469e-01,
          3.5846369703648062e-01 ]
   - !!opencv-matrix
      rows: 3
      cols: 1
      dt: d
      data: [ 6.7071110723937577e-01, -9.7335337083470294e-02,
          1.6139962292596080e-01 ]
   - !!opencv-matrix
      rows: 3
      cols: 1
      dt: d
      data: [ 4.2613345740480518e-01, 1.4294568128950208e-01,
          -3.4142651494316933e-01 ]
