%YAML:1.0
---
Calibrate_Accuracy: 3.2252593268462781e-01
Camera_Matrix: !!opencv-matrix
   rows: 3
   cols: 3
   dt: d
   data: [ 5.8336033968808715e+02, 0., 3.3288439132808799e+02, 0.,
       5.7439221692315857e+02, 2.2509526756907016e+02, 0., 0., 1. ]
Distortion_Coefficients: !!opencv-matrix
   rows: 5
   cols: 1
   dt: d
   data: [ 1.3307674204385507e-02, 9.6957210489584372e-03,
       -5.5684160475704802e-03, 1.7690052803562924e-03,
       -1.6307502263426604e-01 ]
Rotation_Vector:
   - !!opencv-matrix
      rows: 3
      cols: 1
      dt: d
      data: [ -2.6802575240447751e-01, 6.1115417536338604e-02,
          2.1797466987594838e-01 ]
   - !!opencv-matrix
      rows: 3
      cols: 1
      dt: d
      data: [ -1.1551625764621906e-01, 6.6689098963969087e-02,
          4.1406180715727148e-01 ]
   - !!opencv-matrix
      rows: 3
      cols: 1
      dt: d
      data: [ 6.8151729447412865e-02, -4.2663356581871026e-01,
          3.4739051560279355e-01 ]
   - !!opencv-matrix
      rows: 3
      cols: 1
      dt: d
      data: [ -6.2781952926125562e-01, -4.7555670376604903e-01,
          2.0008860916894727e-01 ]
   - !!opencv-matrix
      rows: 3
      cols: 1
      dt: d
      data: [ -4.9489626256869962e-01, -2.5516358571667735e-01,
          -2.4538854799604375e-02 ]
   - !!opencv-matrix
      rows: 3
      cols: 1
      dt: d
      data: [ -4.5632429318887124e-01, -4.1488533446208120e-02,
          -4.6121414247498221e-01 ]
   - !!opencv-matrix
      rows: 3
      cols: 1
      dt: d
      data: [ -4.9552589739048286e-01, -4.5612259957091794e-01,
          -3.1646416174343123e-01 ]
   - !!opencv-matrix
      rows: 3
      cols: 1
      dt: d
      data: [ 2.2158816492915090e-01, -5.8597015437397348e-01,
          -3.3783808165880813e-01 ]
   - !!opencv-matrix
      rows: 3
      cols: 1
      dt: d
      data: [ 3.6932376183007537e-01, -3.3394550021002661e-01,
          -2.7713997352274317e-01 ]
   - !!opencv-matrix
      rows: 3
      cols: 1
      dt: d
      data: [ -5.0975610192914411e-01, -2.9908735530290725e-01,
          -1.1391030460926022e-01 ]
   - !!opencv-matrix
      rows: 3
      cols: 1
      dt: d
      data: [ -3.4083760773695397e-02, -5.9454956707734463e-01,
          -1.3734280807793200e-01 ]
   - !!opencv-matrix
      rows: 3
      cols: 1
      dt: d
      data: [ 3.4548876717031801e-02, -4.8967764360485710e-01,
          1.5632970919116265e-01 ]
   - !!opencv-matrix
      rows: 3
      cols: 1
      dt: d
      data: [ 3.7839692916528264e-02, -7.4194807298854837e-01,
          -4.8542865755398140e-01 ]
   - !!opencv-matrix
      rows: 3
      cols: 1
      dt: d
      data: [ 2.9631295372312999e-01, -7.0989950259902690e-01,
          -4.0446372376592676e-01 ]
   - !!opencv-matrix
      rows: 3
      cols: 1
      dt: d
      data: [ 5.0698749362754281e-01, -1.6177520625376721e-01,
          3.3590687286315674e-01 ]
   - !!opencv-matrix
      rows: 3
      cols: 1
      dt: d
      data: [ 5.6023936358412396e-01, -1.6869534285981405e-01,
          -6.3029182519268201e-02 ]
   - !!opencv-matrix
      rows: 3
      cols: 1
      dt: d
      data: [ -5.1339314683258563e-01, -3.8967221776623384e-01,
          -3.6340542439229934e-01 ]
   - !!opencv-matrix
      rows: 3
      cols: 1
      dt: d
      data: [ -5.7767951749919433e-01, -3.0846368316864409e-01,
          -8.8553960735828330e-02 ]
   - !!opencv-matrix
      rows: 3
      cols: 1
      dt: d
      data: [ -3.1006776281476667e-01, -3.9494758079917730e-01,
          9.4212860717480459e-02 ]
   - !!opencv-matrix
      rows: 3
      cols: 1
      dt: d
      data: [ 7.8065845486931673e-01, -5.9127477240640869e-01,
          -1.8882561828201500e-01 ]
   - !!opencv-matrix
      rows: 3
      cols: 1
      dt: d
      data: [ 6.2580200468639535e-01, -3.7301591069877860e-01,
          2.6387243335126992e-01 ]
   - !!opencv-matrix
      rows: 3
      cols: 1
      dt: d
      data: [ 2.8097874606009171e-01, -2.6178507033542064e-01,
          -2.8776687697546410e-01 ]
   - !!opencv-matrix
      rows: 3
      cols: 1
      dt: d
      data: [ 4.2884441499699327e-01, -1.7414242768202362e-01,
          2.3704036217892199e-01 ]
   - !!opencv-matrix
      rows: 3
      cols: 1
      dt: d
      data: [ 4.9544588642100634e-01, -3.7604876480595217e-01,
          2.0681892904040991e-01 ]
   - !!opencv-matrix
      rows: 3
      cols: 1
      dt: d
      data: [ 5.6003192784081179e-01, -5.3020435630254181e-01,
          1.9900004786404375e-02 ]
   - !!opencv-matrix
      rows: 3
      cols: 1
      dt: d
      data: [ 4.4729805362159886e-01, -5.7440234837113791e-01,
          -2.7802885564641661e-01 ]
   - !!opencv-matrix
      rows: 3
      cols: 1
      dt: d
      data: [ 4.5592902995937179e-01, -3.9506558071816755e-01,
          -1.6535235194054709e-01 ]
   - !!opencv-matrix
      rows: 3
      cols: 1
      dt: d
      data: [ 1.6066227637543340e-01, -8.6646639145424614e-02,
          -1.2562765791231995e-01 ]
   - !!opencv-matrix
      rows: 3
      cols: 1
      dt: d
      data: [ 1.7901529297226787e-01, -2.8251082501368985e-01,
          -1.6177535522213399e-01 ]
   - !!opencv-matrix
      rows: 3
      cols: 1
      dt: d
      data: [ -4.8128334459068958e-02, -2.2516024865924564e-01,
          9.4227173742101628e-02 ]
   - !!opencv-matrix
      rows: 3
      cols: 1
      dt: d
      data: [ -5.0861403354537971e-01, -5.5437988580156534e-02,
          3.3007921705298859e-01 ]
   - !!opencv-matrix
      rows: 3
      cols: 1
      dt: d
      data: [ 4.6652993550209537e-01, -5.1133990969782017e-01,
          -2.1030270843296692e-01 ]
   - !!opencv-matrix
      rows: 3
      cols: 1
      dt: d
      data: [ 5.3604059327783268e-02, -3.1349534263879397e-01,
          -4.4424953462072636e-01 ]
   - !!opencv-matrix
      rows: 3
      cols: 1
      dt: d
      data: [ 2.5969698069151220e-01, -4.6117344422437218e-01,
          1.5675388669046025e-01 ]
   - !!opencv-matrix
      rows: 3
      cols: 1
      dt: d
      data: [ 2.4878690752134594e-01, -2.4098452115781549e-01,
          -3.4057264714025859e-01 ]
   - !!opencv-matrix
      rows: 3
      cols: 1
      dt: d
      data: [ -1.2753163880363338e-01, -3.6297446409328371e-01,
          -2.8971671280091843e-01 ]
   - !!opencv-matrix
      rows: 3
      cols: 1
      dt: d
      data: [ 2.2726708458764874e-01, -5.2890864272627014e-01,
          -8.3285005682336294e-02 ]
   - !!opencv-matrix
      rows: 3
      cols: 1
      dt: d
      data: [ 2.7491274078240691e-01, -2.7149934917888219e-01,
          1.6882190959435087e-01 ]
   - !!opencv-matrix
      rows: 3
      cols: 1
      dt: d
      data: [ 2.4935694239287451e-01, 2.5203160012210030e-01,
          5.0118869245257502e-01 ]
   - !!opencv-matrix
      rows: 3
      cols: 1
      dt: d
      data: [ -6.3985387028811277e-02, -2.9139721412235309e-01,
          -2.9635623054996812e-01 ]
   - !!opencv-matrix
      rows: 3
      cols: 1
      dt: d
      data: [ -2.2266765044714557e-01, -1.4813874306961658e-01,
          -3.6889733708799455e-01 ]
   - !!opencv-matrix
      rows: 3
      cols: 1
      dt: d
      data: [ -2.5233614931658777e-01, 5.9020593861727914e-02,
          -2.0183273836845286e-01 ]
   - !!opencv-matrix
      rows: 3
      cols: 1
      dt: d
      data: [ -4.5060912794364777e-02, 6.7746886920307170e-02,
          1.8323660730648778e-01 ]
   - !!opencv-matrix
      rows: 3
      cols: 1
      dt: d
      data: [ 3.5468675417348539e-01, -2.0097791744373511e-01,
          1.8500584775860282e-01 ]
   - !!opencv-matrix
      rows: 3
      cols: 1
      dt: d
      data: [ -3.6450777746462848e-01, -3.5984189911714093e-01,
          -3.2144121375533524e-01 ]
   - !!opencv-matrix
      rows: 3
      cols: 1
      dt: d
      data: [ -6.1854981221987726e-01, -1.1438706732603274e-01,
          -2.1699399310146214e-01 ]
   - !!opencv-matrix
      rows: 3
      cols: 1
      dt: d
      data: [ -2.3877178660223811e-01, -3.9943010122707491e-02,
