%YAML:1.0
---
Calibrate_Accuracy: 3.7550867298615281e-01
Camera_Matrix: !!opencv-matrix
   rows: 3
   cols: 3
   dt: d
   data: [ 8.4314340732641290e+02, 0., 3.1999192584094095e+02, 0.,
       8.3935760944282981e+02, 2.5688004839501235e+02, 0., 0., 1. ]
Distortion_Coefficients: !!opencv-matrix
   rows: 5
   cols: 1
   dt: d
   data: [ -4.3966009550783824e-01, 1.2162340292116391e+00,
       -2.6825708581904306e-03, -2.7246662243068341e-03,
       -3.4877173643802837e+00 ]
Rotation_Vector:
   - !!opencv-matrix
      rows: 3
      cols: 1
      dt: d
      data: [ -5.8459679217267711e-02, 5.0102010799615559e-01,
          2.4410467295978240e-02 ]
   - !!opencv-matrix
      rows: 3
      cols: 1
      dt: d
      data: [ 4.4139133853310009e-01, -4.2478000791426901e-01,
          -8.3352618828101577e-02 ]
   - !!opencv-matrix
      rows: 3
      cols: 1
      dt: d
      data: [ -1.5291483884402715e-01, -1.2574487807899962e-01,
          -2.5407637670683419e-01 ]
   - !!opencv-matrix
      rows: 3
      cols: 1
      dt: d
      data: [ 5.3777905116417235e-01, -2.5847195318561200e-01,
          -1.0732177968861700e-02 ]
   - !!opencv-matrix
      rows: 3
      cols: 1
      dt: d
      data: [ 1.2859320237566410e-01, 6.4236327880050270e-01,
          7.8861116854790067e-02 ]
   - !!opencv-matrix
      rows: 3
      cols: 1
      dt: d
      data: [ 3.0916466992377650e-01, 5.9690101541383900e-01,
          2.8947105101413756e-01 ]
   - !!opencv-matrix
      rows: 3
      cols: 1
      dt: d
      data: [ -2.0473298461402645e-01, 5.0979130226575642e-01,
          7.2366799657552508e-02 ]
   - !!opencv-matrix
      rows: 3
      cols: 1
      dt: d
      data: [ 7.4100278567160049e-01, -2.3881604663257922e-01,
          2.0281175242418584e-01 ]
   - !!opencv-matrix
      rows: 3
      cols: 1
      dt: d
      data: [ 9.4981813156071682e-01, -1.4582623634806149e-01,
          1.6257742437007558e-01 ]
   - !!opencv-matrix
      rows: 3
      cols: 1
      dt: d
      data: [ -4.3354499512436223e-01, 2.6187388310175214e-01,
          2.0836835723093158e-01 ]
   - !!opencv-matrix
      rows: 3
      cols: 1
      dt: d
      data: [ -1.8404994011521200e-01, 3.8360424628205442e-01,
          1.8216733230144549e-01 ]
   - !!opencv-matrix
      rows: 3
      cols: 1
      dt: d
      data: [ -1.0909276866606830e-02, -5.2491826382521101e-01,
          -8.4128395172002088e-02 ]
   - !!opencv-matrix
      rows: 3
      cols: 1
      dt: d
      data: [ 1.2815904577417589e-01, 6.2683621696985192e-01,
          2.3175562313244522e-01 ]
   - !!opencv-matrix
      rows: 3
      cols: 1
      dt: d
      data: [ 7.7360987333980435e-01, 1.8843324583132623e-01,
          2.2436480201254644e-01 ]
   - !!opencv-matrix
      rows: 3
      cols: 1
      dt: d
      data: [ 2.4718717814620167e-01, -6.5782093605890624e-01,
          -1.1212075180607139e-01 ]
   - !!opencv-matrix
      rows: 3
      cols: 1
      dt: d
      data: [ 2.3826456125660408e-01, -8.5636939176653981e-01,
          -1.7025923862130740e-01 ]
   - !!opencv-matrix
      rows: 3
      cols: 1
      dt: d
      data: [ 4.5975281749168134e-01, -6.0292071673682135e-01,
          2.3688212969554207e-01 ]
   - !!opencv-matrix
      rows: 3
      cols: 1
      dt: d
      data: [ -4.1484747545905434e-02, 2.7883196203830135e-01,
          2.8085638615877268e-01 ]
   - !!opencv-matrix
      rows: 3
      cols: 1
      dt: d
      data: [ -2.0881432295387625e-01, -8.7246339623802582e-01,
          -3.8314466531218266e-01 ]
   - !!opencv-matrix
      rows: 3
      cols: 1
      dt: d
      data: [ 6.6067255499750310e-01, -4.7697663441030613e-01,
          -1.6960191035439748e-01 ]
   - !!opencv-matrix
      rows: 3
      cols: 1
      dt: d
      data: [ 4.1625690560151217e-02, 5.0639614383844278e-01,
          2.0525571109749002e-01 ]
   - !!opencv-matrix
      rows: 3
      cols: 1
      dt: d
      data: [ -8.3045001079869382e-02, -9.2368800427746944e-01,
          -8.6369314615833540e-02 ]
   - !!opencv-matrix
      rows: 3
      cols: 1
      dt: d
      data: [ -7.1322103096040965e-02, 6.7310370906282516e-02,
          8.9488028220441898e-02 ]
   - !!opencv-matrix
      rows: 3
      cols: 1
      dt: d
      data: [ 1.3476390738043098e-01, -1.0907028752129140e+00,
          3.9234206514292901e-02 ]
   - !!opencv-matrix
      rows: 3
      cols: 1
      dt: d
      data: [ 3.7230940682870667e-01, -2.4558474001573111e-01,
          6.8796384598236088e-02 ]
   - !!opencv-matrix
      rows: 3
      cols: 1
      dt: d
      data: [ 5.1501279365664776e-01, 3.1014945794189802e-01,
          2.2041276866258280e-01 ]
   - !!opencv-matrix
      rows: 3
      cols: 1
      dt: d
      data: [ 1.1657624888135230e-01, -6.7129115742773993e-01,
          -1.4914604510831186e-01 ]
   - !!opencv-matrix
      rows: 3
      cols: 1
      dt: d
      data: [ 3.1698752377364764e-01, -5.2756243871591935e-01,
          -1.7166502150407062e-01 ]
   - !!opencv-matrix
      rows: 3
      cols: 1
      dt: d
      data: [ 6.2330738279054232e-01, -6.3033236379142066e-01,
          1.2366242419102165e-01 ]
   - !!opencv-matrix
      rows: 3
      cols: 1
      dt: d
      data: [ 6.9128316197109096e-01, -2.5042101308891673e-01,
          2.2124398488468353e-01 ]
