%YAML:1.0
---
Calibrate_Accuracy: 2.1804510517215128e-01
Camera_Matrix: !!opencv-matrix
   rows: 3
   cols: 3
   dt: d
   data: [ 8.4731117855602827e+02, 0., 4.2636069254194177e+02, 0.,
       8.4522948190610759e+02, 2.4256643944880889e+02, 0., 0., 1. ]
Distortion_Coefficients: !!opencv-matrix
   rows: 5
   cols: 1
   dt: d
   data: [ -3.8286172450270073e-01, 3.8230081681861994e-01,
       4.8993305303390352e-03, -6.6014617156839456e-03,
       -4.8990484163559145e-01 ]
Rotation_Vector:
   - !!opencv-matrix
      rows: 3
      cols: 1
      dt: d
      data: [ -6.4450441493835597e-01, 4.2558607631862932e-01,
          1.7980049216146254e+00 ]
   - !!opencv-matrix
      rows: 3
      cols: 1
      dt: d
      data: [ 6.5345513082397555e-01, -1.7417952083080560e-01,
          1.7491664000460463e+00 ]
   - !!opencv-matrix
      rows: 3
      cols: 1
      dt: d
      data: [ 7.1697690689757843e-01, -4.9850942974094775e-01,
          1.4242099341242740e+00 ]
   - !!opencv-matrix
      rows: 3
      cols: 1
      dt: d
      data: [ -2.0776652260242021e-01, -3.4091522014305858e-01,
          1.8320938171094872e+00 ]
   - !!opencv-matrix
      rows: 3
      cols: 1
      dt: d
      data: [ -4.7437628414989647e-01, -4.4887839992910328e-01,
          1.6585619268733218e+00 ]
   - !!opencv-matrix
      rows: 3
      cols: 1
      dt: d
      data: [ -4.7949592278932213e-01, -5.2767179862725955e-01,
          1.6301250931386051e+00 ]
   - !!opencv-matrix
      rows: 3
      cols: 1
      dt: d
      data: [ -3.8603840866824939e-02, -7.5034409541927061e-01,
          1.5806683734326115e+00 ]
   - !!opencv-matrix
      rows: 3
      cols: 1
      dt: d
      data: [ -1.9001340593455171e-01, -1.1424322799474025e-01,
          1.8130606493344257e+00 ]
   - !!opencv-matrix
      rows: 3
      cols: 1
      dt: d
      data: [ -7.9879096769119723e-02, -5.3982847861802530e-01,
          1.3380353699020267e+00 ]
   - !!opencv-matrix
      rows: 3
      cols: 1
      dt: d
      data: [ -2.7172285607582120e-01, -4.8827486340885218e-01,
          1.2436863863766929e+00 ]
   - !!opencv-matrix
      rows: 3
      cols: 1
      dt: d
      data: [ -4.2529222082238299e-01, -6.6633013377770733e-01,
          1.2128606821881029e+00 ]
   - !!opencv-matrix
      rows: 3
      cols: 1
      dt: d
      data: [ 3.9220857162990536e-01, -9.9413078793613982e-02,
          1.4330635810508470e+00 ]
   - !!opencv-matrix
      rows: 3
      cols: 1
      dt: d
      data: [ 2.2956450580239953e-02, -4.7419237716384249e-01,
          1.7486019542782596e+00 ]
   - !!opencv-matrix
      rows: 3
      cols: 1
      dt: d
      data: [ -1.9622652495202228e-01, -5.3083926245270940e-01,
          1.4210561477539261e+00 ]
   - !!opencv-matrix
      rows: 3
      cols: 1
      dt: d
      data: [ 1.6853354708348761e-01, -1.2973174710921950e-01,
          1.7092628693348795e+00 ]
   - !!opencv-matrix
      rows: 3
      cols: 1
      dt: d
      data: [ -1.1786577462511008e-01, -7.9303591236551729e-01,
          1.5109229053805842e+00 ]
   - !!opencv-matrix
      rows: 3
      cols: 1
      dt: d
      data: [ 5.4024014698171297e-01, -3.4390597009365642e-01,
          1.7532026171774209e+00 ]
   - !!opencv-matrix
      rows: 3
      cols: 1
      dt: d
      data: [ -1.9228062888339217e-01, -9.9401021588499905e-01,
          1.2667827844650645e+00 ]
   - !!opencv-matrix
      rows: 3
      cols: 1
      dt: d
      data: [ -7.1178054384874956e-02, -7.0020185261326595e-01,
          1.1005042156304865e+00 ]
   - !!opencv-matrix
      rows: 3
      cols: 1
      dt: d
      data: [ 1.7423024114526156e-01, -5.7240435995918759e-01,
          1.6866347473279562e+00 ]
   - !!opencv-matrix
      rows: 3
      cols: 1
      dt: d
      data: [ -1.2436163318665874e-01, -7.7757519169980949e-01,
          1.4623572405015435e+00 ]
   - !!opencv-matrix
      rows: 3
      cols: 1
      dt: d
      data: [ -1.8792135492648937e-01, -3.6459324464887760e-01,
          1.1707255440446882e+00 ]
   - !!opencv-matrix
      rows: 3
      cols: 1
      dt: d
      data: [ -2.1212987421706625e-01, -6.1415602004268943e-01,
          1.1601473673054730e+00 ]
   - !!opencv-matrix
      rows: 3
      cols: 1
      dt: d
      data: [ -3.5117215171122956e-01, -7.1105640030078376e-01,
          1.5044877954366747e+00 ]
   - !!opencv-matrix
      rows: 3
      cols: 1
      dt: d
      data: [ 2.8162548381249636e-01, -6.4529328296135446e-01,
          1.6227538670108816e+00 ]
   - !!opencv-matrix
      rows: 3
      cols: 1
      dt: d
      data: [ -2.3583723300787807e-01, -5.3599047531061006e-01,
          1.6828368805131040e+00 ]
   - !!opencv-matrix
      rows: 3
      cols: 1
      dt: d
      data: [ 4.5738585995711850e-01, -4.5836300007548368e-02,
          2.0564868724108352e+00 ]
   - !!opencv-matrix
      rows: 3
      cols: 1
      dt: d
      data: [ 1.4366947930810156e-01, -7.2136680231730665e-01,
          1.4001743683069812e+00 ]
   - !!opencv-matrix
      rows: 3
      cols: 1
      dt: d
      data: [ 1.5888128206633559e-01, -3.2441098185095352e-01,
          1.8769513971328817e+00 ]
   - !!opencv-matrix
      rows: 3
      cols: 1
      dt: d
      data: [ 4.0195219413291583e-01, -2.7417863805827347e-01,
          2.1808935743775484e+00 ]
