%YAML:1.0
---
Calibrate_Accuracy: 1.3945245466776798e-01
Camera_Matrix: !!opencv-matrix
   rows: 3
   cols: 3
   dt: d
   data: [ 9.3498959356021351e+02, 0., 3.2111160323838976e+02, 0.,
       9.3919657017156828e+02, 2.4659622561621791e+02, 0., 0., 1. ]
Distortion_Coefficients: !!opencv-matrix
   rows: 5
   cols: 1
   dt: d
   data: [ -4.2713079211564353e-01, 7.7545352657849409e-01,
       -2.9092584094521075e-04, -2.3704939278379735e-03,
       -1.5918726432944335e+00 ]
Rotation_Vector:
   - !!opencv-matrix
      rows: 3
      cols: 1
      dt: d
      data: [ -7.0516924127804137e-02, -6.2604994861858998e-02,
          -1.5089937022054629e+00 ]
   - !!opencv-matrix
      rows: 3
      cols: 1
      dt: d
      data: [ 1.1318674286213783e-01, 2.4374188068774969e-03,
          -1.6468341464277179e+00 ]
   - !!opencv-matrix
      rows: 3
      cols: 1
      dt: d
      data: [ 7.9119450409919884e-02, -1.4320444562181273e-01,
          -1.4202809923154598e+00 ]
   - !!opencv-matrix
      rows: 3
      cols: 1
      dt: d
      data: [ -2.0852857165964708e-01, 7.0250090475828850e-02,
          -1.6259371228913138e+00 ]
   - !!opencv-matrix
      rows: 3
      cols: 1
      dt: d
      data: [ 5.9500069830774743e-02, 2.5852571743695499e-02,
          -1.5919810534499133e+00 ]
   - !!opencv-matrix
      rows: 3
      cols: 1
      dt: d
      data: [ -2.0299772983957881e-01, 1.4092063037133748e-02,
          -1.6292823539742904e+00 ]
   - !!opencv-matrix
      rows: 3
      cols: 1
      dt: d
      data: [ 9.9438164935148052e-02, 1.3272447134542786e-01,
          -1.5994324569383516e+00 ]
   - !!opencv-matrix
      rows: 3
      cols: 1
      dt: d
      data: [ 4.4025793635808011e-02, 2.1722206585362550e-01,
          -1.6015398490513153e+00 ]
   - !!opencv-matrix
      rows: 3
      cols: 1
      dt: d
      data: [ -1.1680210091700888e-02, -1.2280873703759894e-02,
          -1.5206917273731544e+00 ]
   - !!opencv-matrix
      rows: 3
      cols: 1
      dt: d
      data: [ 9.1213588423563141e-02, -1.6270790393574092e-01,
          -1.4361659540902012e+00 ]
   - !!opencv-matrix
      rows: 3
      cols: 1
      dt: d
      data: [ 8.7058196835349877e-02, 4.0083160820335972e-02,
          -1.5836120803150322e+00 ]
   - !!opencv-matrix
      rows: 3
      cols: 1
      dt: d
      data: [ 3.1146526731317698e-02, -9.7460843333003394e-02,
          -1.4726796752514986e+00 ]
   - !!opencv-matrix
      rows: 3
      cols: 1
      dt: d
      data: [ -4.4660194152961269e-02, -1.3700501553392908e-01,
          -1.2940961058767868e+00 ]
   - !!opencv-matrix
      rows: 3
      cols: 1
      dt: d
      data: [ -5.0323057630847504e-02, -8.7087404605450808e-02,
          -1.7099472717457103e+00 ]
   - !!opencv-matrix
      rows: 3
      cols: 1
      dt: d
      data: [ 1.6542861732934050e-01, -2.6446488898719811e-01,
          -1.5032905652698263e+00 ]
   - !!opencv-matrix
      rows: 3
      cols: 1
      dt: d
      data: [ 1.8661206530593864e-02, 8.0642720856693551e-02,
          -1.6488712177042284e+00 ]
   - !!opencv-matrix
      rows: 3
      cols: 1
      dt: d
      data: [ -1.9496964416955093e-01, -8.7751257687914919e-02,
          -1.3173447057573600e+00 ]
   - !!opencv-matrix
      rows: 3
      cols: 1
      dt: d
      data: [ -3.8129760235097354e-01, -6.5988523196667823e-03,
          -1.5515952261447736e+00 ]
   - !!opencv-matrix
      rows: 3
      cols: 1
      dt: d
      data: [ -1.0285369400089599e-01, 1.8127556601999578e-02,
          -1.5999962492630719e+00 ]
   - !!opencv-matrix
      rows: 3
      cols: 1
      dt: d
      data: [ -2.4874145768773767e-01, 1.3369825175521960e-02,
          -1.3084942742451158e+00 ]
   - !!opencv-matrix
      rows: 3
      cols: 1
      dt: d
      data: [ -1.2335042710400848e-02, 1.8657836198097372e-01,
          -1.6728129332830697e+00 ]
   - !!opencv-matrix
      rows: 3
      cols: 1
      dt: d
      data: [ 4.1917620504515703e-02, -4.7205548047510926e-02,
          -1.4729743739447965e+00 ]
   - !!opencv-matrix
      rows: 3
      cols: 1
      dt: d
      data: [ -2.9887809756882000e-01, -5.5895747973160867e-02,
          -1.3797573239453500e+00 ]
   - !!opencv-matrix
      rows: 3
      cols: 1
      dt: d
      data: [ -3.7604992436224692e-02, 2.2220304255255846e-01,
          -1.6150688614195379e+00 ]
   - !!opencv-matrix
      rows: 3
      cols: 1
      dt: d
      data: [ -2.3784244778242988e-01, -4.4239182361644556e-02,
          -1.2538357026710674e+00 ]
   - !!opencv-matrix
      rows: 3
      cols: 1
      dt: d
      data: [ -1.1453804166231137e-01, 1.4511066962854693e-01,
          -1.6274856705719989e+00 ]
   - !!opencv-matrix
      rows: 3
      cols: 1
      dt: d
      data: [ -1.6743784538705875e-01, -1.7175183293066965e-01,
          -1.2792100687093342e+00 ]
   - !!opencv-matrix
      rows: 3
      cols: 1
      dt: d
      data: [ 7.3793858486688915e-02, 6.4543990105763935e-02,
          -1.6474326780388344e+00 ]
   - !!opencv-matrix
      rows: 3
      cols: 1
      dt: d
      data: [ -3.2229465719460570e-01, 1.2442286983172395e-01,
          -1.6339029331291877e+00 ]
   - !!opencv-matrix
      rows: 3
      cols: 1
      dt: d
      data: [ -3.1507778558375721e-01, 1.8739584175801574e-01,
          -1.6459653326727255e+00 ]
