%YAML:1.0
---
Calibrate_Accuracy: 2.0249861309487624e-01
Camera_Matrix: !!opencv-matrix
   rows: 3
   cols: 3
   dt: d
   data: [ 8.4602106178924259e+02, 0., 3.3780677679819871e+02, 0.,
       8.5176900027273291e+02, 2.5869588634803455e+02, 0., 0., 1. ]
Distortion_Coefficients: !!opencv-matrix
   rows: 5
   cols: 1
   dt: d
   data: [ -3.6114514657272861e-01, 3.3664107963777912e-01,
       -2.1704942744888256e-03, -5.0879729454061948e-03,
       -3.0407546503920785e-01 ]
Rotation_Vector:
   - !!opencv-matrix
      rows: 3
      cols: 1
      dt: d
      data: [ -5.1609646012550664e-02, -6.6327170994487386e-02,
          -1.5107024249958927e+00 ]
   - !!opencv-matrix
      rows: 3
      cols: 1
      dt: d
      data: [ 4.8232888532613878e-02, 5.3847255512233638e-03,
          -1.6257389321353810e+00 ]
   - !!opencv-matrix
      rows: 3
      cols: 1
      dt: d
      data: [ 1.6354095085272211e-01, -7.6159211850892639e-02,
          -1.5489756078048509e+00 ]
   - !!opencv-matrix
      rows: 3
      cols: 1
      dt: d
      data: [ 1.4133563076501418e-01, -9.4704081875824145e-03,
          -1.4675608285755741e+00 ]
   - !!opencv-matrix
      rows: 3
      cols: 1
      dt: d
      data: [ -1.0269812493988655e-01, 5.4490069933737277e-02,
          -1.4042915174953612e+00 ]
   - !!opencv-matrix
      rows: 3
      cols: 1
      dt: d
      data: [ 8.4898888606241979e-02, -1.8607254269997797e-01,
          -1.4162919987993918e+00 ]
   - !!opencv-matrix
      rows: 3
      cols: 1
      dt: d
      data: [ 1.8833891314417436e-01, 1.3611863837178742e-01,
          -1.4953459843624579e+00 ]
   - !!opencv-matrix
      rows: 3
      cols: 1
      dt: d
      data: [ 1.0141751233895591e-01, -1.3462083435750627e-01,
          -1.2949979642207436e+00 ]
   - !!opencv-matrix
      rows: 3
      cols: 1
      dt: d
      data: [ -3.1743456345374749e-01, -1.1210163821854204e-01,
          -1.4737447238006574e+00 ]
   - !!opencv-matrix
      rows: 3
      cols: 1
      dt: d
      data: [ -1.1897929380516985e-01, -2.2468180637073049e-01,
          -1.5566765746060049e+00 ]
   - !!opencv-matrix
      rows: 3
      cols: 1
      dt: d
      data: [ 8.2840365626816959e-02, -5.8539126467793638e-03,
          -1.4765309059110323e+00 ]
   - !!opencv-matrix
      rows: 3
      cols: 1
      dt: d
      data: [ 2.3548120936523625e-01, -1.4602307313041496e-01,
          -1.6499447219509844e+00 ]
   - !!opencv-matrix
      rows: 3
      cols: 1
      dt: d
      data: [ 2.6063528475456010e-02, -2.8419488178507341e-01,
          -1.4493872718040917e+00 ]
   - !!opencv-matrix
      rows: 3
      cols: 1
      dt: d
      data: [ -4.5375250666422745e-01, 1.0575907560659868e-02,
          -1.4320549741215167e+00 ]
   - !!opencv-matrix
      rows: 3
      cols: 1
      dt: d
      data: [ -1.6592178287957396e-01, 1.4394334790528282e-01,
          -1.4433994127653718e+00 ]
   - !!opencv-matrix
      rows: 3
      cols: 1
      dt: d
      data: [ 1.1838304432627182e-01, 6.7743323870062697e-02,
          -1.5687590041551673e+00 ]
   - !!opencv-matrix
      rows: 3
      cols: 1
      dt: d
      data: [ -2.6678428471104354e-01, 2.3052901448889798e-01,
          -1.5797560151183048e+00 ]
   - !!opencv-matrix
      rows: 3
      cols: 1
      dt: d
      data: [ -1.4683269144084493e-01, 3.8615520181797269e-01,
          -1.6416452635010470e+00 ]
   - !!opencv-matrix
      rows: 3
      cols: 1
      dt: d
      data: [ 8.0983059351726366e-02, 1.8309726886192598e-01,
          -1.6180368641630642e+00 ]
   - !!opencv-matrix
      rows: 3
      cols: 1
      dt: d
      data: [ -5.1840128829169684e-02, 1.0120137169658010e-01,
          -1.4757906277908932e+00 ]
   - !!opencv-matrix
      rows: 3
      cols: 1
      dt: d
      data: [ -9.4742613246531326e-02, 6.4585836875084471e-02,
          -1.5854358206153945e+00 ]
   - !!opencv-matrix
      rows: 3
      cols: 1
      dt: d
      data: [ -2.6173093100499140e-01, 7.8888313200329033e-02,
          -1.4146061404654542e+00 ]
   - !!opencv-matrix
      rows: 3
      cols: 1
      dt: d
      data: [ -1.5428831435886373e-01, -9.0735493824482510e-02,
          -1.3072239915983357e+00 ]
   - !!opencv-matrix
      rows: 3
      cols: 1
      dt: d
      data: [ -2.8425225280227751e-01, -7.0879045598424839e-02,
          -1.3812376333233249e+00 ]
   - !!opencv-matrix
      rows: 3
      cols: 1
      dt: d
      data: [ -2.5069827218459215e-02, 1.1949332986967234e-01,
          -1.5659203749307358e+00 ]
   - !!opencv-matrix
      rows: 3
      cols: 1
      dt: d
      data: [ -7.0055971944095449e-02, -2.3754093748515739e-01,
          -1.4029177952785084e+00 ]
   - !!opencv-matrix
      rows: 3
      cols: 1
      dt: d
      data: [ 1.1871261660916939e-01, -1.7469108812337178e-01,
          -1.5503605091306958e+00 ]
   - !!opencv-matrix
      rows: 3
      cols: 1
      dt: d
      data: [ -1.4695029921346777e-03, 6.0008421609339280e-01,
          -1.5395946196193273e+00 ]
   - !!opencv-matrix
      rows: 3
      cols: 1
      dt: d
      data: [ -3.8360064167256525e-01, 7.3404680842408688e-03,
          -1.4240252624994154e+00 ]
   - !!opencv-matrix
      rows: 3
      cols: 1
      dt: d
      data: [ -2.5456183082263123e-01, -3.3374009352815169e-02,
          -1.5559979394963712e+00 ]
   - !!opencv-matrix
      rows: 3
      cols: 1
      dt: d
      data: [ -1.0066451647925734e-01, -1.4255361562488292e-01,
          -1.5418519539996645e+00 ]
   - !!opencv-matrix
      rows: 3
      cols: 1
      dt: d
      data: [ 4.9549801988320380e-03, -1.4781305614669388e-01,
          -1.5245545197187567e+00 ]
   - !!opencv-matrix
      rows: 3
      cols: 1
      dt: d
      data: [ -1.6062579858394255e-01, -1.9597292337874617e-01,
          -1.4752254317843068e+00 ]
   - !!opencv-matrix
      rows: 3
      cols: 1
      dt: d
      data: [ -5.7522688105043775e-02, -4.2954336988592391e-02,
          -1.4866338125369709e+00 ]
   - !!opencv-matrix
      rows: 3
      cols: 1
      dt: d
      data: [ 1.2836119330238119e-01, -2.8668380350705897e-01,
          -1.4384071383641825e+00 ]
   - !!opencv-matrix
      rows: 3
      cols: 1
      dt: d
      data: [ -1.6883444762375546e-02, -1.3621759452185150e-01,
          -1.3493665757965254e+00 ]
   - !!opencv-matrix
      rows: 3
      cols: 1
      dt: d
      data: [ 9.6765536138784691e-02, -6.3255791257512198e-02,
          -1.4711994764027971e+00 ]
   - !!opencv-matrix
      rows: 3
      cols: 1
      dt: d
      data: [ 2.2451700256302290e-01, -1.9982179975875661e-01,
          -1.5279437640311786e+00 ]
   - !!opencv-matrix
      rows: 3
      cols: 1
      dt: d
      data: [ -3.0553417804987496e-02, -2.5093320369402655e-01,
          -1.5142192728723327e+00 ]
   - !!opencv-matrix
      rows: 3
      cols: 1
      dt: d
      data: [ 1.3789834017295316e-01, 3.6611152463245138e-02,
          -1.7591236029481954e+00 ]
   - !!opencv-matrix
      rows: 3
      cols: 1
      dt: d
      data: [ 1.8752923835220822e-01, 4.5219833623548540e-02,
          -1.3303765194684223e+00 ]
   - !!opencv-matrix
      rows: 3
      cols: 1
      dt: d
      data: [ 4.8252653592107542e-01, 8.9159702794520176e-03,
          -1.4084056540600374e+00 ]
   - !!opencv-matrix
      rows: 3
      cols: 1
      dt: d
      data: [ 4.0208491960465759e-01, 5.2293621289300700e-02,
          -1.4708429150697016e+00 ]
   - !!opencv-matrix
      rows: 3
      cols: 1
      dt: d
      data: [ 3.1852158828031907e-01, 1.1128964025349740e-01,
          -1.6695386488804800e+00 ]
   - !!opencv-matrix
      rows: 3
      cols: 1
      dt: d
      data: [ 1.5701663033430205e-01, 1.1445073064112500e-01,
          -1.7634493311131003e+00 ]
