%YAML:1.0
---
Calibrate_Accuracy: 2.8709788127997926e-01
Camera_Matrix: !!opencv-matrix
   rows: 3
   cols: 3
   dt: d
   data: [ 8.6618874483072511e+02, 0., 3.1712163732967906e+02, 0.,
       8.7157080996002696e+02, 2.6350169199075975e+02, 0., 0., 1. ]
Distortion_Coefficients: !!opencv-matrix
   rows: 5
   cols: 1
   dt: d
   data: [ -3.4808459973727651e-01, -1.2200830355696482e-01,
       -8.7016530134525452e-04, 2.6240392119007360e-03,
       9.4726583661908537e-01 ]
Rotation_Vector:
   - !!opencv-matrix
      rows: 3
      cols: 1
      dt: d
      data: [ 1.0587841535750282e-01, -7.2422597006103831e-02,
          -2.6688869693192462e-02 ]
   - !!opencv-matrix
      rows: 3
      cols: 1
      dt: d
      data: [ 1.5391150940500678e-01, -6.9757928393713045e-02,
          -1.5493466484194208e-02 ]
   - !!opencv-matrix
      rows: 3
      cols: 1
      dt: d
      data: [ 3.3048493912646565e-01, -1.5179467414148259e-01,
          -1.1072309052780037e-01 ]
   - !!opencv-matrix
      rows: 3
      cols: 1
      dt: d
      data: [ 3.4103404906715534e-01, 1.3277001336005886e-01,
          1.8113413602518053e-01 ]
   - !!opencv-matrix
      rows: 3
      cols: 1
      dt: d
      data: [ 3.5592980146745967e-01, 7.2578746036990128e-03,
          9.6847441930349401e-02 ]
   - !!opencv-matrix
      rows: 3
      cols: 1
      dt: d
      data: [ 1.4967549985299264e-01, 1.0848181449716836e-01,
          1.0272315234651012e-01 ]
   - !!opencv-matrix
      rows: 3
      cols: 1
      dt: d
      data: [ 1.2356264238472239e-01, -1.4952532035577334e-01,
          1.4789055307495097e-01 ]
   - !!opencv-matrix
      rows: 3
      cols: 1
      dt: d
      data: [ 1.2770460372431008e-01, 2.5539266591362525e-01,
          2.9956278679946505e-02 ]
   - !!opencv-matrix
      rows: 3
      cols: 1
      dt: d
      data: [ -2.0928014452209015e-01, 3.8597715345909439e-01,
          1.0307472805606399e-01 ]
   - !!opencv-matrix
      rows: 3
      cols: 1
      dt: d
      data: [ 7.4224915807619002e-02, 2.9766704980442688e-01,
          3.7868401041644677e-02 ]
   - !!opencv-matrix
      rows: 3
      cols: 1
      dt: d
      data: [ 2.3043446616463306e-01, 2.4551413101903130e-01,
          1.6131602813348367e-01 ]
   - !!opencv-matrix
      rows: 3
      cols: 1
      dt: d
      data: [ 7.9154320439665027e-02, 6.3189396878151741e-02,
          1.8146210925626512e-02 ]
   - !!opencv-matrix
      rows: 3
      cols: 1
      dt: d
      data: [ 1.6217292448997614e-01, 2.4847066008091925e-01,
          8.1821721959538851e-02 ]
   - !!opencv-matrix
      rows: 3
      cols: 1
      dt: d
      data: [ 1.1033544843197253e-01, 3.2523134061949355e-01,
          3.7124583198994789e-02 ]
   - !!opencv-matrix
      rows: 3
      cols: 1
      dt: d
      data: [ 1.8199584336448887e-02, 3.3300202484004976e-01,
          7.0206045269527104e-02 ]
   - !!opencv-matrix
      rows: 3
      cols: 1
      dt: d
      data: [ 2.6002173110771402e-02, 5.2635000747674920e-01,
          1.1250922574858574e-01 ]
   - !!opencv-matrix
      rows: 3
      cols: 1
      dt: d
      data: [ 1.3424743906495004e-01, 2.3078401351034092e-01,
          1.0508155222957064e-01 ]
   - !!opencv-matrix
      rows: 3
      cols: 1
      dt: d
      data: [ -6.7111661807606027e-02, 7.8789530644512440e-02,
          2.2816274695806264e-02 ]
   - !!opencv-matrix
      rows: 3
      cols: 1
      dt: d
      data: [ -3.3805146337069797e-01, 2.9384438528957507e-01,
          1.6049905040150661e-01 ]
   - !!opencv-matrix
      rows: 3
      cols: 1
      dt: d
      data: [ -2.7496434524845881e-01, 2.9859493119780695e-01,
          -5.6367344583367765e-03 ]
   - !!opencv-matrix
      rows: 3
      cols: 1
      dt: d
      data: [ -2.5338599768414610e-01, 3.8224241613763410e-01,
          3.1910821938201987e-02 ]
   - !!opencv-matrix
      rows: 3
      cols: 1
      dt: d
      data: [ -2.5338599768414616e-01, 3.8224241613763416e-01,
          3.1910821938201994e-02 ]
   - !!opencv-matrix
      rows: 3
      cols: 1
      dt: d
      data: [ -9.7737991266894086e-02, -1.8477630508580884e-02,
          1.3406874674686425e-01 ]
   - !!opencv-matrix
      rows: 3
      cols: 1
      dt: d
      data: [ -3.0425986230141523e-02, 2.0998629067820690e-01,
          1.6113773174724330e-01 ]
   - !!opencv-matrix
      rows: 3
      cols: 1
      dt: d
      data: [ -4.3436104171373294e-03, 2.1864690547721183e-01,
          -5.7611473975604906e-02 ]
   - !!opencv-matrix
      rows: 3
      cols: 1
      dt: d
      data: [ -5.6076046769233917e-02, 2.3829639361686891e-01,
          -1.7450421973687531e-02 ]
   - !!opencv-matrix
      rows: 3
      cols: 1
      dt: d
      data: [ -1.0940160687872012e-01, -2.3722661152020676e-02,
          1.9140341294086846e-01 ]
   - !!opencv-matrix
      rows: 3
      cols: 1
      dt: d
      data: [ -1.2119799064128749e-01, -1.5385834898489744e-02,
          6.8320607931417351e-02 ]
   - !!opencv-matrix
      rows: 3
      cols: 1
      dt: d
      data: [ 1.8437550472891185e-02, 1.5931344282284883e-02,
          -7.3848850839866300e-03 ]
   - !!opencv-matrix
      rows: 3
      cols: 1
      dt: d
      data: [ 4.0299605157441999e-02, -4.5054431193393543e-02,
          3.2752898758722268e-02 ]
