%YAML:1.0
---
Calibrate_Accuracy: 2.4036673950331094e-01
Camera_Matrix: !!opencv-matrix
   rows: 3
   cols: 3
   dt: d
   data: [ 8.8189604100971064e+02, 0., 3.3559856575985833e+02, 0.,
       8.8507230697613534e+02, 2.5540708588598099e+02, 0., 0., 1. ]
Distortion_Coefficients: !!opencv-matrix
   rows: 5
   cols: 1
   dt: d
   data: [ -3.8052793568573429e-01, -3.4967523287193665e-02,
       -2.9395128327823579e-03, -9.2370588014046792e-04,
       1.3636421566284307e+00 ]
Rotation_Vector:
   - !!opencv-matrix
      rows: 3
      cols: 1
      dt: d
      data: [ 2.3764914277361041e-01, -6.4608727258244708e-02,
          -2.3381134942830208e-02 ]
   - !!opencv-matrix
      rows: 3
      cols: 1
      dt: d
      data: [ 3.9344419343120252e-01, -1.9448835588638391e-01,
          4.9907698453403794e-02 ]
   - !!opencv-matrix
      rows: 3
      cols: 1
      dt: d
      data: [ 2.2058833080215848e-01, 4.4382012863215678e-02,
          -1.5732526828706517e-01 ]
   - !!opencv-matrix
      rows: 3
      cols: 1
      dt: d
      data: [ 3.2917970695091092e-01, 1.8202193284390100e-01,
          1.6730232520330812e-01 ]
   - !!opencv-matrix
      rows: 3
      cols: 1
      dt: d
      data: [ -2.3165040686148977e-01, 8.2075926587780040e-02,
          1.1875264228231308e-01 ]
   - !!opencv-matrix
      rows: 3
      cols: 1
      dt: d
      data: [ 6.3772971318388771e-02, 1.9414637024857742e-01,
          -4.1082843735596765e-02 ]
   - !!opencv-matrix
      rows: 3
      cols: 1
      dt: d
      data: [ 3.6557759855066979e-01, 8.7966579258049474e-02,
          -1.4456474776836327e-02 ]
   - !!opencv-matrix
      rows: 3
      cols: 1
      dt: d
      data: [ 3.6942576611629313e-01, 4.3116820568136774e-02,
          1.4637591506223785e-01 ]
   - !!opencv-matrix
      rows: 3
      cols: 1
      dt: d
      data: [ 8.8570258889033665e-02, 1.8098013520620346e-01,
          5.0631613514197218e-02 ]
   - !!opencv-matrix
      rows: 3
      cols: 1
      dt: d
      data: [ 2.0723218757392342e-01, -1.9245815566834586e-02,
          -4.7120996941633519e-02 ]
   - !!opencv-matrix
      rows: 3
      cols: 1
      dt: d
      data: [ 2.5957979576674678e-01, -3.4896652917730331e-01,
          5.3053015077942441e-04 ]
   - !!opencv-matrix
      rows: 3
      cols: 1
      dt: d
      data: [ 1.2744205567002559e-01, -9.6675590197687705e-02,
          3.0054502286468432e-01 ]
   - !!opencv-matrix
      rows: 3
      cols: 1
      dt: d
      data: [ 2.3220823948675409e-01, -1.7313278202972984e-01,
          1.7608369550296926e-01 ]
   - !!opencv-matrix
      rows: 3
      cols: 1
      dt: d
      data: [ 2.2548239671632864e-01, 4.9639647505637091e-01,
          -3.5243200668295969e-02 ]
   - !!opencv-matrix
      rows: 3
      cols: 1
      dt: d
      data: [ 2.8700108620680709e-01, 4.2308004461996274e-01,
          2.0283819613116337e-02 ]
   - !!opencv-matrix
      rows: 3
      cols: 1
      dt: d
      data: [ 1.0060189411660786e-01, 1.5295643747348750e-01,
          3.0804339771596537e-02 ]
   - !!opencv-matrix
      rows: 3
      cols: 1
      dt: d
      data: [ 2.3283519236132973e-02, 5.5233620432193237e-02,
          2.5890821054703034e-01 ]
   - !!opencv-matrix
      rows: 3
      cols: 1
      dt: d
      data: [ 6.9297585280946414e-02, -2.9811590396298088e-01,
          -6.7060954839292017e-02 ]
   - !!opencv-matrix
      rows: 3
      cols: 1
      dt: d
      data: [ 9.0039165450924080e-02, 1.6742913736254382e-02,
          -4.8157131246111942e-02 ]
   - !!opencv-matrix
      rows: 3
      cols: 1
      dt: d
      data: [ 3.7239300276928294e-01, 1.5484080851871393e-01,
          2.0790553254423784e-02 ]
   - !!opencv-matrix
      rows: 3
      cols: 1
      dt: d
      data: [ 2.0090930864393697e-01, 1.0223308481741725e-01,
          -2.7945870225467861e-01 ]
   - !!opencv-matrix
      rows: 3
      cols: 1
      dt: d
      data: [ 2.2768211975526112e-01, 5.1138936586949721e-02,
          8.1177375770457340e-03 ]
   - !!opencv-matrix
      rows: 3
      cols: 1
      dt: d
      data: [ 1.8339765790408624e-01, 6.6298872875937553e-02,
          -1.8759846198264433e-02 ]
   - !!opencv-matrix
      rows: 3
      cols: 1
      dt: d
      data: [ 2.0504035925566205e-01, -8.1998859254033218e-02,
          -2.3518207118021828e-02 ]
   - !!opencv-matrix
      rows: 3
      cols: 1
      dt: d
      data: [ 1.2159370111854807e-01, -1.3187743461684162e-01,
          -7.2205675743412689e-02 ]
   - !!opencv-matrix
      rows: 3
      cols: 1
      dt: d
      data: [ 1.2292636132832821e-01, 4.6366070221052699e-02,
          -4.3297745825435038e-02 ]
   - !!opencv-matrix
      rows: 3
      cols: 1
      dt: d
      data: [ 1.3692066548915596e-01, 3.6357487904289504e-01,
          9.6172201937460122e-02 ]
   - !!opencv-matrix
      rows: 3
      cols: 1
      dt: d
      data: [ 4.1601027286146691e-01, 1.4264469892938747e-01,
          -2.5242413334979303e-02 ]
   - !!opencv-matrix
      rows: 3
      cols: 1
      dt: d
      data: [ 4.7294338744350528e-01, 5.4472054297891891e-02,
          3.3673450635985214e-01 ]
   - !!opencv-matrix
      rows: 3
      cols: 1
      dt: d
      data: [ -1.6574842920018121e-01, 2.2721385227472696e-01,
          -2.5596286030782054e-03 ]
