%YAML:1.0
---
Calibrate_Accuracy: 2.7431646180390723e-01
Camera_Matrix: !!opencv-matrix
   rows: 3
   cols: 3
   dt: d
   data: [ 8.3698682039462960e+02, 0., 3.3658970710893988e+02, 0.,
       8.4187468096180362e+02, 2.5590265516620914e+02, 0., 0., 1. ]
Distortion_Coefficients: !!opencv-matrix
   rows: 5
   cols: 1
   dt: d
   data: [ -3.6141865105778020e-01, 1.8627478406442230e-01,
       -6.3150810160923776e-04, 1.6322466786318954e-03,
       -7.8009069439392009e-02 ]
Rotation_Vector:
   - !!opencv-matrix
      rows: 3
      cols: 1
      dt: d
      data: [ 9.8206619547260579e-02, -9.0103883034047025e-02,
          -2.6104876995358153e-02 ]
   - !!opencv-matrix
      rows: 3
      cols: 1
      dt: d
      data: [ 3.3822896755350407e-01, 3.3158341276508185e-02,
          -5.3900228470501424e-02 ]
   - !!opencv-matrix
      rows: 3
      cols: 1
      dt: d
      data: [ 1.0992642998333889e-01, 9.9410865257065190e-02,
          1.6428588677138195e-01 ]
   - !!opencv-matrix
      rows: 3
      cols: 1
      dt: d
      data: [ 3.2592743662736967e-01, 1.1033114830758041e-01,
          1.8486225399463005e-01 ]
   - !!opencv-matrix
      rows: 3
      cols: 1
      dt: d
      data: [ 3.5988716424298745e-01, -1.1898524307570238e-01,
          2.0587933798888552e-02 ]
   - !!opencv-matrix
      rows: 3
      cols: 1
      dt: d
      data: [ 3.2589408265735237e-01, 6.6733150304538899e-02,
          -8.4663783598522748e-03 ]
   - !!opencv-matrix
      rows: 3
      cols: 1
      dt: d
      data: [ 3.1403693131687910e-01, -3.3034221435915473e-02,
          1.0625131672331689e-01 ]
   - !!opencv-matrix
      rows: 3
      cols: 1
      dt: d
      data: [ 1.8790104463894014e-01, -7.8670780937712806e-02,
          1.8300744558852081e-01 ]
   - !!opencv-matrix
      rows: 3
      cols: 1
      dt: d
      data: [ 9.2469424310002574e-02, 1.4621159182938845e-01,
          1.8130434056587413e-01 ]
   - !!opencv-matrix
      rows: 3
      cols: 1
      dt: d
      data: [ 1.1696345406930313e-01, 2.0414771380582456e-02,
          4.6815135008316404e-02 ]
   - !!opencv-matrix
      rows: 3
      cols: 1
      dt: d
      data: [ 1.6999538220945651e-01, -2.6225419350051399e-01,
          1.0275693150922362e-02 ]
   - !!opencv-matrix
      rows: 3
      cols: 1
      dt: d
      data: [ 1.0315658319381210e-01, -1.3221438212773254e-01,
          1.1346094302649026e-01 ]
   - !!opencv-matrix
      rows: 3
      cols: 1
      dt: d
      data: [ 1.6213768725231278e-01, 4.6368928018883754e-01,
          7.0726863547521210e-02 ]
   - !!opencv-matrix
      rows: 3
      cols: 1
      dt: d
      data: [ 2.4330138855529829e-01, 4.3717820441915961e-01,
          -1.4803818874521396e-01 ]
   - !!opencv-matrix
      rows: 3
      cols: 1
      dt: d
      data: [ 3.5530604932580251e-01, 3.1681814457606178e-01,
          -1.9935236289440512e-02 ]
   - !!opencv-matrix
      rows: 3
      cols: 1
      dt: d
      data: [ 4.7535579283001544e-01, 3.7309850201649264e-01,
          -1.5455445566448792e-02 ]
   - !!opencv-matrix
      rows: 3
      cols: 1
      dt: d
      data: [ 4.7978598113511706e-01, 3.9891951255582841e-01,
          8.6998221236238585e-02 ]
   - !!opencv-matrix
      rows: 3
      cols: 1
      dt: d
      data: [ 5.1235365327498206e-01, 2.9355657818943631e-01,
          8.1580898596592372e-02 ]
   - !!opencv-matrix
      rows: 3
      cols: 1
      dt: d
      data: [ 2.7030723280493819e-02, 3.1117665633973429e-01,
          1.3254045715163457e-01 ]
   - !!opencv-matrix
      rows: 3
      cols: 1
      dt: d
      data: [ 7.8060910470050288e-02, 2.0116905012618175e-01,
          2.6988737452811017e-02 ]
   - !!opencv-matrix
      rows: 3
      cols: 1
      dt: d
      data: [ -3.3785363701040128e-02, 3.0810331546287650e-01,
          1.3304621521634838e-01 ]
   - !!opencv-matrix
      rows: 3
      cols: 1
      dt: d
      data: [ -1.7517205609303077e-01, 1.3690321792336099e-01,
          -2.0952280725041763e-02 ]
   - !!opencv-matrix
      rows: 3
      cols: 1
      dt: d
      data: [ 2.4750933928933039e-01, 1.2763112614944808e-01,
          -3.5144251244412596e-02 ]
   - !!opencv-matrix
      rows: 3
      cols: 1
      dt: d
      data: [ 1.8113970283909359e-01, -4.1915843596616049e-02,
          1.9979791012051973e-01 ]
   - !!opencv-matrix
      rows: 3
      cols: 1
      dt: d
      data: [ -3.1263825871386314e-01, 9.1438334998054746e-02,
          2.1363712797057764e-02 ]
   - !!opencv-matrix
      rows: 3
      cols: 1
      dt: d
      data: [ -4.1114346915253099e-02, 1.3367789887680442e-01,
          -3.2384089575001550e-03 ]
   - !!opencv-matrix
      rows: 3
      cols: 1
      dt: d
      data: [ 6.3211775953974980e-02, 3.5383358418376870e-01,
          6.9557395791479903e-02 ]
   - !!opencv-matrix
      rows: 3
      cols: 1
      dt: d
      data: [ 2.7921812465996756e-02, 4.4740505062883512e-01,
          7.6465149397414500e-02 ]
   - !!opencv-matrix
      rows: 3
      cols: 1
      dt: d
      data: [ 8.5376069359896181e-02, 2.5791715693060496e-01,
          5.2245137257708754e-02 ]
   - !!opencv-matrix
      rows: 3
      cols: 1
      dt: d
      data: [ -8.0332661529886176e-02, 5.2595007223961585e-02,
          2.1602728060011341e-02 ]
   - !!opencv-matrix
      rows: 3
      cols: 1
      dt: d
      data: [ -3.4758096766147178e-01, 4.1007187104102769e-02,
          9.6020385412256534e-02 ]
   - !!opencv-matrix
      rows: 3
      cols: 1
      dt: d
      data: [ -2.3805019984630080e-01, 3.3524153986589653e-03,
          1.7362414392567277e-01 ]
   - !!opencv-matrix
      rows: 3
      cols: 1
      dt: d
      data: [ -2.5069423403229957e-01, 1.6154796056700871e-01,
          8.0243380752338583e-02 ]
   - !!opencv-matrix
      rows: 3
      cols: 1
      dt: d
      data: [ -3.3160862233121008e-01, 1.3937747811883730e-01,
          9.0824052683992754e-02 ]
   - !!opencv-matrix
      rows: 3
      cols: 1
      dt: d
      data: [ -3.2744074320389288e-01, 2.5160299367584943e-01,
          8.2222376229094299e-02 ]
   - !!opencv-matrix
      rows: 3
      cols: 1
      dt: d
      data: [ -2.8997783136568356e-01, 2.9404723657952764e-01,
          1.0463567865598315e-01 ]
   - !!opencv-matrix
      rows: 3
      cols: 1
      dt: d
      data: [ -8.8547924766287506e-02, 7.2874240349751873e-02,
          1.9430507061177987e-01 ]
   - !!opencv-matrix
      rows: 3
      cols: 1
      dt: d
      data: [ -1.3155553991293883e-01, 2.4285944848304222e-02,
          2.1774105984614767e-01 ]
   - !!opencv-matrix
      rows: 3
      cols: 1
      dt: d
      data: [ -3.2786714581011737e-03, 3.6074044760633146e-02,
          -8.8504297835242402e-03 ]
   - !!opencv-matrix
      rows: 3
      cols: 1
      dt: d
      data: [ 2.5149024833932271e-01, -1.8589407919565976e-01,
          9.1588421670832165e-01 ]
   - !!opencv-matrix
      rows: 3
      cols: 1
      dt: d
      data: [ 1.1340714410926165e-02, 2.2118094770769176e-02,
          1.4682559796623422e+00 ]
   - !!opencv-matrix
      rows: 3
      cols: 1
      dt: d
      data: [ 1.6174836159220105e-01, -2.4913733048497047e-01,
          1.4338237445207218e+00 ]
   - !!opencv-matrix
      rows: 3
      cols: 1
      dt: d
      data: [ 4.9608295316848024e-02, -5.6638110051296729e-02,
          -1.2621059258276182e-01 ]
   - !!opencv-matrix
      rows: 3
      cols: 1
      dt: d
      data: [ 1.3471582586058492e-01, -7.7069429380650659e-02,
          2.1029339624629263e-02 ]
   - !!opencv-matrix
      rows: 3
      cols: 1
      dt: d
      data: [ 1.4918137612781229e-01, 9.3324335581108642e-02,
          -4.0836829009374652e-02 ]
