%YAML:1.0
---
Calibrate_Accuracy: 2.4786614811093147e-01
Camera_Matrix: !!opencv-matrix
   rows: 3
   cols: 3
   dt: d
   data: [ 5.9193770210224534e+02, 0., 3.3290302024777816e+02, 0.,
       5.9465893783246213e+02, 2.3107029293228339e+02, 0., 0., 1. ]
Distortion_Coefficients: !!opencv-matrix
   rows: 5
   cols: 1
   dt: d
   data: [ -7.7328263030518813e-03, 3.3491564150317059e-02,
       2.3737601760348871e-03, -5.8749298047417802e-03,
       -1.8886543432292136e-01 ]
Rotation_Vector:
   - !!opencv-matrix
      rows: 3
      cols: 1
      dt: d
      data: [ -1.6854162103747977e-01, -7.0808970223142878e-02,
          -6.1226011618573011e-03 ]
   - !!opencv-matrix
      rows: 3
      cols: 1
      dt: d
      data: [ -6.8159771168761638e-02, -2.7699156554515131e-01,
          1.3165545268613094e-02 ]
   - !!opencv-matrix
      rows: 3
      cols: 1
      dt: d
      data: [ -1.5651977717237778e-01, -9.9223705227722298e-03,
          1.3152793841166871e-01 ]
   - !!opencv-matrix
      rows: 3
      cols: 1
      dt: d
      data: [ -2.9744648120413097e-01, 1.1909758802657028e-01,
          -9.1108438280129128e-02 ]
   - !!opencv-matrix
      rows: 3
      cols: 1
      dt: d
      data: [ -4.6553207715074159e-02, -1.5010353913405655e-01,
          8.6286874140528644e-02 ]
   - !!opencv-matrix
      rows: 3
      cols: 1
      dt: d
      data: [ -1.2290112047108848e-01, -1.1903201871202455e-01,
          -9.0287507013201290e-02 ]
   - !!opencv-matrix
      rows: 3
      cols: 1
      dt: d
      data: [ 1.8837535282164142e-01, -1.7893667728526902e-01,
          3.9561022108480006e-04 ]
   - !!opencv-matrix
      rows: 3
      cols: 1
      dt: d
      data: [ 1.1357464456621688e-01, -7.3848509854471708e-02,
          9.4750919369776844e-03 ]
   - !!opencv-matrix
      rows: 3
      cols: 1
      dt: d
      data: [ -7.7990682988139326e-02, -2.0528895159142205e-01,
          9.4717289685027600e-02 ]
   - !!opencv-matrix
      rows: 3
      cols: 1
      dt: d
      data: [ 3.5283792570926856e-02, -1.6179099543543229e-01,
          -1.2912537905917267e-02 ]
   - !!opencv-matrix
      rows: 3
      cols: 1
      dt: d
      data: [ -1.1122134333382873e-01, -2.2310349024649054e-01,
          2.0998275075437237e-02 ]
   - !!opencv-matrix
      rows: 3
      cols: 1
      dt: d
      data: [ -2.8063001807867870e-02, -2.0196811406426485e-01,
          -6.0009590248880799e-02 ]
   - !!opencv-matrix
      rows: 3
      cols: 1
      dt: d
      data: [ 1.9635504018539859e-01, -1.5005684820546233e-01,
          8.4740510613536407e-03 ]
   - !!opencv-matrix
      rows: 3
      cols: 1
      dt: d
      data: [ 2.0490473893562647e-01, -1.4229727589191857e-01,
          -3.0420139768948501e-02 ]
   - !!opencv-matrix
      rows: 3
      cols: 1
      dt: d
      data: [ 1.5154711097874937e-01, 1.1820544531849424e-01,
          -9.2874850573237300e-02 ]
   - !!opencv-matrix
      rows: 3
      cols: 1
      dt: d
      data: [ -4.1365542650932396e-03, -1.2906538988512340e-02,
          1.4102704317184286e-01 ]
   - !!opencv-matrix
      rows: 3
      cols: 1
      dt: d
      data: [ -2.2052081817744976e-01, -1.9433089696523814e-01,
          1.7750310528270757e-01 ]
   - !!opencv-matrix
      rows: 3
      cols: 1
      dt: d
      data: [ -3.4140661286019208e-01, 5.4350470529653618e-02,
          1.0602329323151682e-01 ]
   - !!opencv-matrix
      rows: 3
      cols: 1
      dt: d
      data: [ -2.8255607213102979e-01, -1.2268525885793632e-01,
          1.7859498575392119e-01 ]
   - !!opencv-matrix
      rows: 3
      cols: 1
      dt: d
      data: [ -1.8285079827146725e-01, 5.9043198324848646e-02,
          -2.0888991652515648e-01 ]
   - !!opencv-matrix
      rows: 3
      cols: 1
      dt: d
      data: [ -5.9635436018292587e-01, -9.2041171687105378e-02,
          1.7633056452221815e-01 ]
   - !!opencv-matrix
      rows: 3
      cols: 1
      dt: d
      data: [ -4.1980844464344413e-01, -1.3938978340887850e-01,
          1.5912868312328035e-01 ]
   - !!opencv-matrix
      rows: 3
      cols: 1
      dt: d
      data: [ -1.5373294473066804e-01, 2.1805761427479264e-01,
          -2.4681944534874333e-02 ]
   - !!opencv-matrix
      rows: 3
      cols: 1
      dt: d
      data: [ -1.5482135377168516e-01, -1.1841671584742108e-01,
          9.8849760204413661e-02 ]
   - !!opencv-matrix
      rows: 3
      cols: 1
      dt: d
      data: [ -2.4326031727482808e-01, 2.0808833978613228e-01,
          2.2875793925356557e-02 ]
   - !!opencv-matrix
      rows: 3
      cols: 1
      dt: d
      data: [ -7.8608613650700654e-02, 8.8045935050889881e-02,
          -3.1966795869596436e-02 ]
   - !!opencv-matrix
      rows: 3
      cols: 1
      dt: d
      data: [ -1.6103780268981824e-01, 3.3686172534969507e-02,
          -1.2908173991272726e-01 ]
   - !!opencv-matrix
      rows: 3
      cols: 1
      dt: d
      data: [ -2.3392475991098202e-01, -5.6997434031377747e-02,
          1.3578220797403145e-01 ]
   - !!opencv-matrix
      rows: 3
      cols: 1
      dt: d
      data: [ -7.3569980609798996e-02, -1.0365934661276109e-01,
          1.6065636947309711e-01 ]
   - !!opencv-matrix
      rows: 3
      cols: 1
      dt: d
      data: [ 3.1146994887776270e-02, -5.3864205829265252e-02,
          8.1461282890473719e-02 ]
   - !!opencv-matrix
      rows: 3
      cols: 1
      dt: d
      data: [ -3.8486167333641130e-01, -9.0476228846750856e-02,
          3.4171848072112647e-02 ]
   - !!opencv-matrix
      rows: 3
      cols: 1
      dt: d
      data: [ -1.3501220027508981e-01, -2.6345940308283899e-01,
          -1.4927342313916983e-01 ]
   - !!opencv-matrix
      rows: 3
      cols: 1
      dt: d
      data: [ -6.0483163182348344e-02, -3.3646755341966711e-01,
          4.9296940530197141e-02 ]
   - !!opencv-matrix
      rows: 3
      cols: 1
      dt: d
      data: [ -6.1663061897343246e-02, -1.3872587927097849e-01,
          2.7807984525999252e-02 ]
