%YAML:1.0
---
Calibrate_Accuracy: 2.4815440686986925e-01
Camera_Matrix: !!opencv-matrix
   rows: 3
   cols: 3
   dt: d
   data: [ 8.4711778813352510e+02, 0., 3.0907470961415112e+02, 0.,
       8.4806222587412378e+02, 2.3987440968082331e+02, 0., 0., 1. ]
Distortion_Coefficients: !!opencv-matrix
   rows: 5
   cols: 1
   dt: d
   data: [ -3.8746863166511486e-01, 9.1044213435721399e-01,
       1.1542572861256727e-03, 8.8938169784411145e-04,
       -3.1628113207878972e+00 ]
Rotation_Vector:
   - !!opencv-matrix
      rows: 3
      cols: 1
      dt: d
      data: [ 2.0947590882379918e-01, -3.9057805914739369e-02,
          -2.5897859495579639e-02 ]
   - !!opencv-matrix
      rows: 3
      cols: 1
      dt: d
      data: [ 1.6105905781809071e-01, 1.0425858070467439e-01,
          6.9589147790889150e-02 ]
   - !!opencv-matrix
      rows: 3
      cols: 1
      dt: d
      data: [ 4.6414899817814315e-01, -8.5013684761647331e-03,
          7.9699449540345663e-03 ]
   - !!opencv-matrix
      rows: 3
      cols: 1
      dt: d
      data: [ 2.3549774000560017e-01, 8.1180042997241950e-02,
          1.8712870649882055e-01 ]
   - !!opencv-matrix
      rows: 3
      cols: 1
      dt: d
      data: [ 2.6575751555354027e-01, 1.2141755086753418e-01,
          2.7985962904746564e-01 ]
   - !!opencv-matrix
      rows: 3
      cols: 1
      dt: d
      data: [ 7.1896099629753768e-02, 2.1901065511736154e-01,
          4.9844479488348921e-02 ]
   - !!opencv-matrix
      rows: 3
      cols: 1
      dt: d
      data: [ 2.0149680818289800e-01, 5.5993851997322437e-02,
          -2.4013940669975743e-02 ]
   - !!opencv-matrix
      rows: 3
      cols: 1
      dt: d
      data: [ 2.3352218531526414e-01, -1.0864906266053641e-01,
          -1.6417020979052468e-01 ]
   - !!opencv-matrix
      rows: 3
      cols: 1
      dt: d
      data: [ 2.0802545692430155e-01, -3.4255383359108416e-01,
          1.0386224414610246e-01 ]
   - !!opencv-matrix
      rows: 3
      cols: 1
      dt: d
      data: [ 1.9188573731128442e-01, -5.6925957343386811e-02,
          2.1044809887077914e-01 ]
   - !!opencv-matrix
      rows: 3
      cols: 1
      dt: d
      data: [ 8.8771485765206881e-02, 1.0710689292506034e-01,
          -1.0957611694260619e-01 ]
   - !!opencv-matrix
      rows: 3
      cols: 1
      dt: d
      data: [ 3.1073021946784274e-01, -5.4234384284694334e-02,
          2.0659428012290257e-01 ]
   - !!opencv-matrix
      rows: 3
      cols: 1
      dt: d
      data: [ 2.1090191107419604e-01, 1.2273977400500492e-01,
          1.9953569507259153e-01 ]
   - !!opencv-matrix
      rows: 3
      cols: 1
      dt: d
      data: [ 1.1139249866265906e-01, -3.3045192532858481e-01,
          -3.2485318261846488e-02 ]
   - !!opencv-matrix
      rows: 3
      cols: 1
      dt: d
      data: [ 2.6045592122094513e-01, 5.4477911173656107e-02,
          -3.0782569245467000e-02 ]
   - !!opencv-matrix
      rows: 3
      cols: 1
      dt: d
      data: [ 4.1024330957495575e-01, -7.2053353780768076e-02,
          -2.4728882183788249e-02 ]
   - !!opencv-matrix
      rows: 3
      cols: 1
      dt: d
      data: [ 3.9703822833634805e-01, 1.6307978034547282e-01,
          1.5736925211054698e-01 ]
   - !!opencv-matrix
      rows: 3
      cols: 1
      dt: d
      data: [ 3.3747576617333075e-01, 8.2808779422398185e-02,
          5.0233467565254548e-02 ]
   - !!opencv-matrix
      rows: 3
      cols: 1
      dt: d
      data: [ 5.0370677010035995e-02, 2.3002878619316094e-01,
          -2.4721772958719589e-02 ]
   - !!opencv-matrix
      rows: 3
      cols: 1
      dt: d
      data: [ -5.5702754041616298e-01, 1.7293968134776577e-01,
          9.9233965297026126e-03 ]
   - !!opencv-matrix
      rows: 3
      cols: 1
      dt: d
      data: [ 1.4984359177920531e-01, 3.1774028396896936e-01,
          2.8420951635535596e-01 ]
   - !!opencv-matrix
      rows: 3
      cols: 1
      dt: d
      data: [ 1.2116294434624936e-01, 1.1205848987555593e-01,
          -7.5140596421699193e-02 ]
   - !!opencv-matrix
      rows: 3
      cols: 1
      dt: d
      data: [ 1.0465548615947834e-01, 1.4077132514980623e-01,
          6.5963369036612499e-02 ]
   - !!opencv-matrix
      rows: 3
      cols: 1
      dt: d
      data: [ 9.3452785833792851e-02, 3.0429762143661376e-01,
          1.6303287271417000e-01 ]
   - !!opencv-matrix
      rows: 3
      cols: 1
      dt: d
      data: [ -7.0759706323909891e-02, 1.9203062830777323e-01,
          1.6424693085866676e-01 ]
   - !!opencv-matrix
      rows: 3
      cols: 1
      dt: d
      data: [ 1.0506063771485265e-01, 1.0310235724156376e-01,
          3.6705167293955110e-01 ]
   - !!opencv-matrix
      rows: 3
      cols: 1
      dt: d
      data: [ 1.5096744544725163e-01, 6.5720753382828112e-01,
          4.2641851003755830e-02 ]
   - !!opencv-matrix
      rows: 3
      cols: 1
      dt: d
      data: [ 3.6598634624388832e-01, 4.6548958103590793e-01,
          1.3448208665666062e-01 ]
   - !!opencv-matrix
      rows: 3
      cols: 1
      dt: d
      data: [ 1.9995386239797941e-01, -2.3110104683562208e-01,
          1.4551601692484319e+00 ]
   - !!opencv-matrix
      rows: 3
      cols: 1
      dt: d
      data: [ -1.9592052755787712e-01, -8.7522664678502157e-02,
          1.2890250675411374e+00 ]
   - !!opencv-matrix
      rows: 3
      cols: 1
      dt: d
      data: [ -7.4350383084734933e-02, -2.8598107251770299e-01,
          1.5390293903232373e+00 ]
   - !!opencv-matrix
      rows: 3
      cols: 1
      dt: d
      data: [ -2.5012984702527552e-01, -3.4929415729515534e-01,
          1.4930453482263741e+00 ]
   - !!opencv-matrix
      rows: 3
      cols: 1
      dt: d
      data: [ 4.5558564914882538e-01, -4.1099036331175044e-02,
          1.3884897825305562e+00 ]
   - !!opencv-matrix
      rows: 3
      cols: 1
      dt: d
      data: [ 2.7013786003753198e-01, -1.7936063136137662e-02,
          1.5178680560368591e+00 ]
   - !!opencv-matrix
      rows: 3
      cols: 1
      dt: d
      data: [ 9.3330828792721615e-02, -2.5130939995286378e-01,
          1.5245715470052739e+00 ]
   - !!opencv-matrix
      rows: 3
      cols: 1
      dt: d
      data: [ 7.0161357266084329e-02, -2.7823651366433305e-01,
          1.4770415083434381e+00 ]
   - !!opencv-matrix
      rows: 3
      cols: 1
      dt: d
      data: [ 2.4903896172834167e-01, -1.0655923111497793e-01,
          1.3049090568074559e+00 ]
   - !!opencv-matrix
      rows: 3
      cols: 1
      dt: d
      data: [ 2.4095950581407508e-01, 7.9834018416748934e-02,
          1.2536175092388737e+00 ]
   - !!opencv-matrix
      rows: 3
      cols: 1
      dt: d
      data: [ -2.7065778800847334e-01, -2.0093088503287199e-01,
          1.4164143453206901e+00 ]
   - !!opencv-matrix
      rows: 3
      cols: 1
      dt: d
      data: [ -5.1184433621409002e-02, -5.5057240047610034e-01,
          1.2047075589826286e+00 ]
