%YAML:1.0
---
Calibrate_Accuracy: 5.3497350418545520e-01
Camera_Matrix: !!opencv-matrix
   rows: 3
   cols: 3
   dt: d
   data: [ 6.3324783476978280e+02, 0., 320., 0., 6.3324783476978280e+02,
       240., 0., 0., 1. ]
Distortion_Coefficients: !!opencv-matrix
   rows: 5
   cols: 1
   dt: d
   data: [ -3.8329896832027061e-01, 4.4042298641093935e-01, 0., 0.,
       -4.8046289639613571e-01 ]
Rotation_Vector:
   - !!opencv-matrix
      rows: 3
      cols: 1
      dt: d
      data: [ -1.2508415919168564e-01, 6.1693264119157931e-01,
          -1.8111265725674064e+00 ]
   - !!opencv-matrix
      rows: 3
      cols: 1
      dt: d
      data: [ -8.0904520358711082e-02, 6.3336595446139154e-01,
          -1.8703463633334405e+00 ]
   - !!opencv-matrix
      rows: 3
      cols: 1
      dt: d
      data: [ -2.7488090382034036e-01, 4.4867146146535342e-01,
          -1.8413948835139562e+00 ]
   - !!opencv-matrix
      rows: 3
      cols: 1
      dt: d
      data: [ -2.7466281874323495e-01, 3.0930185605268701e-01,
          -1.7350671172490988e+00 ]
   - !!opencv-matrix
      rows: 3
      cols: 1
      dt: d
      data: [ -1.9937485925013246e-01, 3.6499944388583183e-01,
          -1.6906572504489894e+00 ]
   - !!opencv-matrix
      rows: 3
      cols: 1
      dt: d
      data: [ -1.9616890836153944e-01, 4.2415741335442403e-01,
          -1.7417985788502055e+00 ]
   - !!opencv-matrix
      rows: 3
      cols: 1
      dt: d
      data: [ -1.5848528886305127e-01, 3.2359827836613536e-01,
          -1.7384496688122699e+00 ]
   - !!opencv-matrix
      rows: 3
      cols: 1
      dt: d
      data: [ -6.7167137066309029e-02, 2.7957820829004604e-01,
          -1.7467889556242426e+00 ]
   - !!opencv-matrix
      rows: 3
      cols: 1
      dt: d
      data: [ -2.1297833921863160e-01, 1.5204084419979541e-01,
          -1.6245073078671075e+00 ]
   - !!opencv-matrix
      rows: 3
      cols: 1
      dt: d
      data: [ -2.2488345575495206e-01, 2.5358994081675679e-01,
          -1.6724111976618248e+00 ]
   - !!opencv-matrix
      rows: 3
      cols: 1
      dt: d
      data: [ -1.6577851654976530e-01, 4.6854746706308242e-01,
          -1.6761356724359764e+00 ]
   - !!opencv-matrix
      rows: 3
      cols: 1
      dt: d
      data: [ -2.7548492990325707e-01, 3.5308029198992580e-01,
          -1.6198725125630948e+00 ]
   - !!opencv-matrix
      rows: 3
      cols: 1
      dt: d
      data: [ -3.1339042025627400e-01, 3.3843588525532792e-01,
          -1.5944075702122775e+00 ]
   - !!opencv-matrix
      rows: 3
      cols: 1
      dt: d
      data: [ -9.9434035106406957e-02, 1.9613654369786765e-01,
          -1.6461464197387519e+00 ]
   - !!opencv-matrix
      rows: 3
      cols: 1
      dt: d
      data: [ -1.0421844478592214e-01, 2.0885373521710915e-01,
          -1.6421171748164538e+00 ]
   - !!opencv-matrix
      rows: 3
      cols: 1
      dt: d
      data: [ -1.4855356337295636e-01, 2.8489392853144274e-01,
          -1.7154583839510389e+00 ]
   - !!opencv-matrix
      rows: 3
      cols: 1
      dt: d
      data: [ -1.1820287999369511e-01, 2.6993368465944478e-01,
          -1.7256139464276841e+00 ]
   - !!opencv-matrix
      rows: 3
      cols: 1
      dt: d
      data: [ 7.4260019923734306e-03, 3.1706924144917298e-01,
          -1.7086916849086171e+00 ]
   - !!opencv-matrix
      rows: 3
      cols: 1
      dt: d
      data: [ -8.4395422752015239e-02, 2.6314886782538272e-01,
          -1.6483375675786052e+00 ]
   - !!opencv-matrix
      rows: 3
      cols: 1
      dt: d
      data: [ -2.6433557281269806e-02, 2.9704778464990100e-01,
          -1.6640677371763146e+00 ]
   - !!opencv-matrix
      rows: 3
      cols: 1
      dt: d
      data: [ 3.1491460000772860e-02, 2.1137296053320498e-01,
          -1.6427199157397805e+00 ]
   - !!opencv-matrix
      rows: 3
      cols: 1
      dt: d
      data: [ -1.3693737669118938e-01, 2.8368517669671134e-01,
          -1.6755076753660154e+00 ]
   - !!opencv-matrix
      rows: 3
      cols: 1
      dt: d
      data: [ -3.9921490001950409e-02, 3.4884969336380933e-01,
          -1.6769300502059996e+00 ]
   - !!opencv-matrix
      rows: 3
      cols: 1
      dt: d
      data: [ -2.0666115571947813e-01, 1.7171316791601207e-01,
          -1.6532674209896623e+00 ]
   - !!opencv-matrix
      rows: 3
      cols: 1
      dt: d
      data: [ -1.1314109158265676e-01, 2.4506353924764188e-01,
          -1.6847548649352901e+00 ]
   - !!opencv-matrix
      rows: 3
      cols: 1
      dt: d
      data: [ 5.7333936254507049e-03, 2.2782522324736271e-01,
          -1.6762336495403891e+00 ]
   - !!opencv-matrix
      rows: 3
      cols: 1
      dt: d
      data: [ -1.3093744113178246e-01, 1.5850611166128470e-01,
          -1.6564263386144380e+00 ]
   - !!opencv-matrix
      rows: 3
      cols: 1
      dt: d
      data: [ -5.8797911629998915e-02, 2.8757395929443319e-01,
          -1.6705854498241508e+00 ]
   - !!opencv-matrix
      rows: 3
      cols: 1
      dt: d
      data: [ -1.8250957324232608e-01, 6.1068334495467190e-02,
          -1.6150999384876215e+00 ]
   - !!opencv-matrix
      rows: 3
      cols: 1
      dt: d
      data: [ -4.4743169169364355e-02, 2.3887797351699805e-01,
          -1.6595545358541810e+00 ]
   - !!opencv-matrix
      rows: 3
      cols: 1
      dt: d
      data: [ -3.9351570601442863e-02, 2.3843466325775578e-01,
          -1.6455858780965471e+00 ]
   - !!opencv-matrix
      rows: 3
      cols: 1
      dt: d
      data: [ -3.9989665013477355e-03, 2.7466995975645059e-01,
          -1.6489632187430596e+00 ]
   - !!opencv-matrix
      rows: 3
      cols: 1
      dt: d
      data: [ -1.6891297626142433e-02, 2.5752648258919503e-01,
          -1.6344672649111596e+00 ]
   - !!opencv-matrix
      rows: 3
      cols: 1
      dt: d
      data: [ 1.8122368672613565e-02, 2.5013302894978290e-01,
          -2.0942914819170997e+00 ]
   - !!opencv-matrix
      rows: 3
      cols: 1
      dt: d
      data: [ -1.9868826764028147e-01, -3.4244422025969411e-02,
          -3.0680858449763968e+00 ]
   - !!opencv-matrix
      rows: 3
      cols: 1
      dt: d
      data: [ -5.0352765641977819e-02, 5.3908062095281861e-01,
          -7.1667559250214730e-01 ]
   - !!opencv-matrix
      rows: 3
      cols: 1
      dt: d
      data: [ 9.3892226525360403e-02, 4.5031880757485676e-01,
          -1.8350099306727341e+00 ]
   - !!opencv-matrix
      rows: 3
      cols: 1
      dt: d
      data: [ -9.8129584329929326e-02, 3.6806640965663850e-01,
          -1.8455529919768958e+00 ]
