%YAML:1.0
---
Calibrate_Accuracy: 2.8393434525906414e-01
Camera_Matrix: !!opencv-matrix
   rows: 3
   cols: 3
   dt: d
   data: [ 5.8476034711679006e+02, 0., 3.2456892225350975e+02, 0.,
       5.8509023195421025e+02, 2.2557125532106289e+02, 0., 0., 1. ]
Distortion_Coefficients: !!opencv-matrix
   rows: 5
   cols: 1
   dt: d
   data: [ 6.0316580934063876e-02, -1.7289634008505322e-01,
       -4.5007436311500434e-03, -4.6034243585050634e-03,
       1.9514336950852160e-01 ]
Rotation_Vector:
   - !!opencv-matrix
      rows: 3
      cols: 1
      dt: d
      data: [ -5.8621371680935667e-02, 3.1025144417134154e-01,
          3.0980208432598224e+00 ]
   - !!opencv-matrix
      rows: 3
      cols: 1
      dt: d
      data: [ -2.8944528827959598e-01, 3.9593918459266443e-02,
          3.0935647824620198e+00 ]
   - !!opencv-matrix
      rows: 3
      cols: 1
      dt: d
      data: [ 1.8238671765953765e-01, 5.6764782697859756e-02,
          3.0715169226023500e+00 ]
   - !!opencv-matrix
      rows: 3
      cols: 1
      dt: d
      data: [ -6.8721791974325971e-02, 1.1580350188027727e-02,
          -3.0908117199949996e+00 ]
   - !!opencv-matrix
      rows: 3
      cols: 1
      dt: d
      data: [ 4.8196122744173969e-01, 1.8546414305064302e-01,
          3.0643211800420640e+00 ]
   - !!opencv-matrix
      rows: 3
      cols: 1
      dt: d
      data: [ 1.6431303049637336e-01, -9.9630014232074904e-02,
          3.0665931022876629e+00 ]
   - !!opencv-matrix
      rows: 3
      cols: 1
      dt: d
      data: [ 1.1450142598357230e-01, 2.1373016548356033e-01,
          -3.1068636819876536e+00 ]
   - !!opencv-matrix
      rows: 3
      cols: 1
      dt: d
      data: [ -4.3164845107910134e-03, 1.2188578525800803e-01,
          -3.0351412834237781e+00 ]
   - !!opencv-matrix
      rows: 3
      cols: 1
      dt: d
      data: [ -5.0784445128736821e-01, -6.8284746271191243e-02,
          -3.0427546791118720e+00 ]
   - !!opencv-matrix
      rows: 3
      cols: 1
      dt: d
      data: [ -1.6473117815244954e-02, -5.7616954820862785e-02,
          -2.9526146631135419e+00 ]
   - !!opencv-matrix
      rows: 3
      cols: 1
      dt: d
      data: [ -2.1927020869717015e-01, 8.1902595214255330e-02,
          3.0601616783585412e+00 ]
   - !!opencv-matrix
      rows: 3
      cols: 1
      dt: d
      data: [ 2.9128073805396015e-01, -1.0547769773807261e-01,
          -2.9656089734973250e+00 ]
   - !!opencv-matrix
      rows: 3
      cols: 1
      dt: d
      data: [ 1.8521751471465722e-01, -9.3860833335353430e-02,
          -2.9163600860473982e+00 ]
   - !!opencv-matrix
      rows: 3
      cols: 1
      dt: d
      data: [ 3.4353695736680723e-01, -1.4838458214470240e-01,
          -2.9290005782861095e+00 ]
   - !!opencv-matrix
      rows: 3
      cols: 1
      dt: d
      data: [ 5.9342444951319462e-02, -1.1304802094098301e-01,
          3.0997472737259484e+00 ]
   - !!opencv-matrix
      rows: 3
      cols: 1
      dt: d
      data: [ -8.9808030182295662e-02, 5.3172863417438494e-02,
          -3.0790417182087011e+00 ]
   - !!opencv-matrix
      rows: 3
      cols: 1
      dt: d
      data: [ 3.0765858245497668e-01, 7.0394219000117123e-02,
          -2.8859681454916175e+00 ]
   - !!opencv-matrix
      rows: 3
      cols: 1
      dt: d
      data: [ -1.5993033420115588e-01, -2.2952189509545781e-01,
          3.0106829635149674e+00 ]
   - !!opencv-matrix
      rows: 3
      cols: 1
      dt: d
      data: [ -1.8384813042464015e-01, 2.0258904385189039e-01,
          -3.0713250228843978e+00 ]
   - !!opencv-matrix
      rows: 3
      cols: 1
      dt: d
      data: [ 2.0539544649111668e-01, -3.6621900004017255e-01,
          3.0010989232364822e+00 ]
   - !!opencv-matrix
      rows: 3
      cols: 1
      dt: d
      data: [ -1.1236686468280409e-01, 5.8252598021391148e-03,
          2.9966890021564634e+00 ]
   - !!opencv-matrix
      rows: 3
      cols: 1
      dt: d
      data: [ 1.9098102614260043e-01, -8.5140750872866766e-02,
          3.1259149032210236e+00 ]
   - !!opencv-matrix
      rows: 3
      cols: 1
      dt: d
      data: [ 2.1034153754761045e-01, -3.0031388182229612e-01,
          2.9719000468621308e+00 ]
   - !!opencv-matrix
      rows: 3
      cols: 1
      dt: d
      data: [ -3.1249099962953697e-01, -2.0284772130934192e-01,
          3.1049256167524786e+00 ]
   - !!opencv-matrix
      rows: 3
      cols: 1
      dt: d
      data: [ 2.3097934907098654e-02, -3.2046408853041236e-01,
          3.0178854711155756e+00 ]
   - !!opencv-matrix
      rows: 3
      cols: 1
      dt: d
      data: [ -7.3253278659168675e-01, 4.9255414714477430e-01,
          -2.7925422351531419e+00 ]
   - !!opencv-matrix
      rows: 3
      cols: 1
      dt: d
      data: [ 1.9221493109656759e-01, -3.6669791671385676e-01,
          2.8715239567968616e+00 ]
   - !!opencv-matrix
      rows: 3
      cols: 1
      dt: d
      data: [ -7.0317361833699077e-01, 1.1088363334968628e-01,
          -3.0334897957573927e+00 ]
   - !!opencv-matrix
      rows: 3
      cols: 1
      dt: d
      data: [ 3.2465937986474663e-01, -2.5372541013996736e-01,
          3.0742035339170015e+00 ]
   - !!opencv-matrix
      rows: 3
      cols: 1
      dt: d
      data: [ -2.6830547742393995e-01, 1.8886925326586740e-01,
          -2.9838082074462675e+00 ]
   - !!opencv-matrix
      rows: 3
      cols: 1
      dt: d
      data: [ -2.4433021060264254e-01, 2.1269273077874917e-01,
          -2.9792072633846178e+00 ]
   - !!opencv-matrix
      rows: 3
      cols: 1
      dt: d
      data: [ -1.6400860277435678e-01, 1.4601355290324092e-01,
          -3.0213278770992607e+00 ]
