%YAML:1.0
---
Calibrate_Accuracy: 1.8522334459093850e-01
Camera_Matrix: !!opencv-matrix
   rows: 3
   cols: 3
   dt: d
   data: [ 6.5248922159446829e+02, 0., 3.6376877188413181e+02, 0.,
       6.5549220509619670e+02, 2.2639449313092919e+02, 0., 0., 1. ]
Distortion_Coefficients: !!opencv-matrix
   rows: 5
   cols: 1
   dt: d
   data: [ 9.6626114259280638e-02, -9.2446828246257357e-02,
       3.3006543373578548e-03, 1.6502670803312400e-02,
       -1.8981645369218141e-02 ]
Rotation_Vector:
   - !!opencv-matrix
      rows: 3
      cols: 1
      dt: d
      data: [ -1.1754996063180256e-01, -1.4816154618589117e-01,
          1.5545395580349102e+00 ]
   - !!opencv-matrix
      rows: 3
      cols: 1
      dt: d
      data: [ -2.4484266554391778e-03, 9.2951628485664364e-02,
          1.6185553186618704e+00 ]
   - !!opencv-matrix
      rows: 3
      cols: 1
      dt: d
      data: [ -1.1918516217364999e-01, -9.2922576245129562e-02,
          1.7316137851131355e+00 ]
   - !!opencv-matrix
      rows: 3
      cols: 1
      dt: d
      data: [ -2.9065200794470886e-01, -2.6120759546991495e-01,
          1.7802268873074489e+00 ]
   - !!opencv-matrix
      rows: 3
      cols: 1
      dt: d
      data: [ -2.1094367168300529e-02, -4.6496946075915419e-01,
          1.5649254451439296e+00 ]
   - !!opencv-matrix
      rows: 3
      cols: 1
      dt: d
      data: [ -1.0382232332256659e-01, -3.2256161848548903e-01,
          1.7331275536863255e+00 ]
   - !!opencv-matrix
      rows: 3
      cols: 1
      dt: d
      data: [ -8.7846155153066777e-02, -3.7759624718092016e-01,
          1.7072783321190630e+00 ]
   - !!opencv-matrix
      rows: 3
      cols: 1
      dt: d
      data: [ 4.6972555746473861e-02, -2.4457425178114961e-01,
          1.6873093126413545e+00 ]
   - !!opencv-matrix
      rows: 3
      cols: 1
      dt: d
      data: [ -1.5137654973278752e-01, -9.1866916900985154e-02,
          1.5455228263938756e+00 ]
   - !!opencv-matrix
      rows: 3
      cols: 1
      dt: d
      data: [ -3.7720891246539712e-01, -4.9105201746549795e-02,
          1.7147835434767866e+00 ]
   - !!opencv-matrix
      rows: 3
      cols: 1
      dt: d
      data: [ -2.0289085593404690e-01, -5.3501718564722738e-02,
          1.5549253363244198e+00 ]
   - !!opencv-matrix
      rows: 3
      cols: 1
      dt: d
      data: [ -1.8418210261583806e-01, -3.7305414607859610e-01,
          1.5793024966987153e+00 ]
   - !!opencv-matrix
      rows: 3
      cols: 1
      dt: d
      data: [ -1.1741691905070013e-01, -4.2293702441691156e-01,
          1.5664352641336818e+00 ]
   - !!opencv-matrix
      rows: 3
      cols: 1
      dt: d
      data: [ 5.6043445745411355e-02, -5.9020724890539444e-01,
          1.6538264919418788e+00 ]
   - !!opencv-matrix
      rows: 3
      cols: 1
      dt: d
      data: [ 2.4199252061526727e-01, -4.5519626834393934e-01,
          1.6634989365117414e+00 ]
   - !!opencv-matrix
      rows: 3
      cols: 1
      dt: d
      data: [ -5.4793627363623199e-01, 2.6337482197413759e-01,
          1.6220243454803149e+00 ]
   - !!opencv-matrix
      rows: 3
      cols: 1
      dt: d
      data: [ -3.4446191903722545e-01, -4.9277405175292145e-02,
          1.5781656241826572e+00 ]
   - !!opencv-matrix
      rows: 3
      cols: 1
      dt: d
      data: [ -3.2446520901571596e-01, 7.0773686755067275e-02,
          1.2438199404235004e+00 ]
   - !!opencv-matrix
      rows: 3
      cols: 1
      dt: d
      data: [ 2.8076614009384760e-02, -2.4724573645761882e-03,
          1.4347361444083837e+00 ]
   - !!opencv-matrix
      rows: 3
      cols: 1
      dt: d
      data: [ -2.7322132961268192e-01, -1.5400454710636000e-01,
          1.6528565626418268e+00 ]
   - !!opencv-matrix
      rows: 3
      cols: 1
      dt: d
      data: [ -3.6313608789437030e-01, -1.4505825879868078e-01,
          1.4782369118597651e+00 ]
   - !!opencv-matrix
      rows: 3
      cols: 1
      dt: d
      data: [ -4.5146679271249668e-01, 6.8035882911234288e-02,
          1.4300472445226375e+00 ]
   - !!opencv-matrix
      rows: 3
      cols: 1
      dt: d
      data: [ -4.7526841463892933e-01, -3.2154965989770268e-01,
          1.5200745545741123e+00 ]
   - !!opencv-matrix
      rows: 3
      cols: 1
      dt: d
      data: [ -1.5505365487353320e-01, -1.4009898001480661e-01,
          1.5220888064731917e+00 ]
   - !!opencv-matrix
      rows: 3
      cols: 1
      dt: d
      data: [ -1.9955718773545142e-01, -3.0407994806239974e-01,
          1.4394952819417097e+00 ]
   - !!opencv-matrix
      rows: 3
      cols: 1
      dt: d
      data: [ -2.9092965828492388e-02, 1.5536402561829721e-02,
          1.4873039247095976e+00 ]
   - !!opencv-matrix
      rows: 3
      cols: 1
      dt: d
      data: [ -1.0748531701550808e-01, -2.3242799744737958e-01,
          1.6768994813279641e+00 ]
   - !!opencv-matrix
      rows: 3
      cols: 1
      dt: d
      data: [ -1.4838404548179578e-02, -1.4962367802120297e-01,
          1.7343347600879364e+00 ]
   - !!opencv-matrix
      rows: 3
      cols: 1
      dt: d
      data: [ 6.8838231409276057e-02, -2.5099448239037903e-01,
          1.6426199755454036e+00 ]
   - !!opencv-matrix
      rows: 3
      cols: 1
      dt: d
      data: [ 1.3338029104858051e-01, -2.8190057726116385e-01,
          1.5491321700793472e+00 ]
