%YAML:1.0
---
Calibrate_Accuracy: 3.9751121402293982e-01
Camera_Matrix: !!opencv-matrix
   rows: 3
   cols: 3
   dt: d
   data: [ 1.0851451396779460e+03, 0., 320., 0., 1.0851451396779460e+03,
       240., 0., 0., 1. ]
Distortion_Coefficients: !!opencv-matrix
   rows: 5
   cols: 1
   dt: d
   data: [ -3.1660894192648303e-01, -2.2414352559951540e+00, 0., 0.,
       5.1555690199523511e+01 ]
Rotation_Vector:
   - !!opencv-matrix
      rows: 3
      cols: 1
      dt: d
      data: [ 2.2342097016472334e-01, 3.2162564803528644e-02,
          -5.7728854789665163e-02 ]
   - !!opencv-matrix
      rows: 3
      cols: 1
      dt: d
      data: [ 2.0795473023904434e-01, 3.7407023974580497e-02,
          -6.5416112312916122e-02 ]
   - !!opencv-matrix
      rows: 3
      cols: 1
      dt: d
      data: [ 2.1531884340106625e-01, -1.1940998852850974e-01,
          4.8161982105440369e-03 ]
   - !!opencv-matrix
      rows: 3
      cols: 1
      dt: d
      data: [ 1.7204676250488091e-01, -2.2582191780446026e-01,
          2.5754483426254558e-02 ]
   - !!opencv-matrix
      rows: 3
      cols: 1
      dt: d
      data: [ 1.4424548228464273e-01, -2.3757942004458463e-01,
          -1.3560614073315456e-02 ]
   - !!opencv-matrix
      rows: 3
      cols: 1
      dt: d
      data: [ 7.6759502131483068e-02, -3.2301826053740840e-01,
          -3.4164891898907195e-02 ]
   - !!opencv-matrix
      rows: 3
      cols: 1
      dt: d
      data: [ 4.7327279455889687e-02, -4.2447479095582147e-01,
          -6.6228390791015904e-02 ]
   - !!opencv-matrix
      rows: 3
      cols: 1
      dt: d
      data: [ -3.2996938457974310e-03, 3.2547683325606475e-01,
          3.5799012744082634e-02 ]
   - !!opencv-matrix
      rows: 3
      cols: 1
      dt: d
      data: [ 9.8553129948429838e-02, 4.3366419621396940e-01,
          1.5303158746183304e-01 ]
   - !!opencv-matrix
      rows: 3
      cols: 1
      dt: d
      data: [ 2.3290840670593208e-01, -2.8919415374030688e-01,
          4.0352150239028040e-01 ]
   - !!opencv-matrix
      rows: 3
      cols: 1
      dt: d
      data: [ 2.5137982572757644e-01, -4.4540409159947286e-01,
          -3.5811049365111502e-01 ]
   - !!opencv-matrix
      rows: 3
      cols: 1
      dt: d
      data: [ 1.5038729439880782e-01, 2.3367495792510287e-01,
          -4.0073638875997891e-01 ]
   - !!opencv-matrix
      rows: 3
      cols: 1
      dt: d
      data: [ 1.3520968295282382e-01, 1.1764559208590568e-01,
          1.2577828592982573e-01 ]
   - !!opencv-matrix
      rows: 3
      cols: 1
      dt: d
      data: [ 1.6029418825507238e-01, -1.6065979473745573e-01,
          3.9769984754173315e-02 ]
   - !!opencv-matrix
      rows: 3
      cols: 1
      dt: d
      data: [ 1.2494369943542247e-01, 5.7163592749204239e-02,
          -2.0674826523160307e-02 ]
   - !!opencv-matrix
      rows: 3
      cols: 1
      dt: d
      data: [ 2.1100963179971224e-01, 1.0265114037470950e-01,
          -3.1530544433594924e-02 ]
   - !!opencv-matrix
      rows: 3
      cols: 1
      dt: d
      data: [ -2.1567389494880084e-02, -5.7009174293530494e-02,
          -5.7791310259749113e-03 ]
   - !!opencv-matrix
      rows: 3
      cols: 1
      dt: d
      data: [ 1.4530589953239503e-01, 3.0430916726759487e-03,
          -2.3929557003125396e-02 ]
   - !!opencv-matrix
      rows: 3
      cols: 1
      dt: d
      data: [ 1.4362690909042936e-01, -3.3870128165150271e-01,
          1.8503029238730179e-02 ]
   - !!opencv-matrix
      rows: 3
      cols: 1
      dt: d
      data: [ 9.2554515233052637e-02, -4.2040791097561682e-02,
          -9.3851152072060694e-03 ]
   - !!opencv-matrix
      rows: 3
      cols: 1
      dt: d
      data: [ 1.1775200179755413e-01, -2.2312240119021980e-02,
          -3.0998135185875537e-02 ]
   - !!opencv-matrix
      rows: 3
      cols: 1
      dt: d
      data: [ 5.1963919417439674e-03, -5.3449840001880439e-02,
          -6.7427837937408155e-02 ]
   - !!opencv-matrix
      rows: 3
      cols: 1
      dt: d
      data: [ 7.6538147456083019e-02, -8.2338388791475703e-02,
          -1.4793141948973498e-02 ]
   - !!opencv-matrix
      rows: 3
      cols: 1
      dt: d
      data: [ 1.1166643340203718e-01, -2.3909159487728918e-01,
          3.3785930183662785e-02 ]
   - !!opencv-matrix
      rows: 3
      cols: 1
      dt: d
      data: [ 4.0240031795139242e-02, -2.0492565349663883e-01,
          -1.5411533635062001e-02 ]
   - !!opencv-matrix
      rows: 3
      cols: 1
      dt: d
      data: [ 1.3802985639284639e-02, -2.8050610426671846e-01,
          -4.0245356294574416e-02 ]
   - !!opencv-matrix
      rows: 3
      cols: 1
      dt: d
      data: [ 1.2395533080692445e-01, -2.3415512856188186e-01,
          -1.1584777478706091e-02 ]
   - !!opencv-matrix
      rows: 3
      cols: 1
      dt: d
      data: [ 3.4755396813354419e-02, 4.0642702586747675e-01,
          -1.0512721859364802e-02 ]
   - !!opencv-matrix
      rows: 3
      cols: 1
      dt: d
      data: [ 1.2333669058033561e-01, -1.0108038034797358e+00,
          -1.2071331570867924e-01 ]
   - !!opencv-matrix
      rows: 3
      cols: 1
      dt: d
      data: [ 7.8083166485393851e-01, -2.0064624800475614e-01,
          3.8051218600621141e-02 ]
   - !!opencv-matrix
      rows: 3
      cols: 1
      dt: d
      data: [ -4.9461806322386054e-01, -1.7506144987614516e-01,
          -9.2709160023741174e-02 ]
   - !!opencv-matrix
      rows: 3
      cols: 1
      dt: d
      data: [ 2.1574541506716510e-01, 4.7953023334020362e-01,
          -6.9461408768025465e-02 ]
   - !!opencv-matrix
      rows: 3
      cols: 1
      dt: d
      data: [ 4.0393268507669727e-01, -4.5196007317488723e-01,
          -2.5437428049043842e-01 ]
   - !!opencv-matrix
      rows: 3
      cols: 1
      dt: d
      data: [ 2.2653349404772427e-01, -8.6354534876111264e-02,
          -9.1488749019634719e-02 ]
   - !!opencv-matrix
      rows: 3
      cols: 1
      dt: d
      data: [ 2.4631675293621041e-01, -1.1444249742993680e-01,
          -9.6119521735794036e-02 ]
   - !!opencv-matrix
      rows: 3
      cols: 1
      dt: d
      data: [ 2.4399812911329491e-01, -3.6512627514971546e-01,
          -3.5112000654057912e-01 ]
   - !!opencv-matrix
      rows: 3
      cols: 1
      dt: d
      data: [ 1.8326392204098976e-01, -1.9341023325109113e-01,
          -7.3345872757420813e-02 ]
   - !!opencv-matrix
      rows: 3
      cols: 1
      dt: d
      data: [ 1.0624855229891897e-01, -9.5842945527448112e-02,
          5.6971721874183845e-01 ]
   - !!opencv-matrix
      rows: 3
      cols: 1
      dt: d
      data: [ 6.8530754785403533e-02, -9.1290616919482009e-02,
          9.2412741746974658e-01 ]
   - !!opencv-matrix
      rows: 3
      cols: 1
      dt: d
      data: [ 3.5854877425477417e-02, -1.3854826069933612e-01,
          1.2522207725764736e+00 ]
